passo  balvizinho  balsuave  espalhado
0  0.840600  0.840600  0.840600
50  0.862533  0.862772  0.862774
100  0.885777  0.885472  0.885470
150  0.907977  0.905263  0.905265
200  0.926964  0.922213  0.922220
250  0.941953  0.936519  0.936535
300  0.952917  0.948465  0.948487
350  0.960948  0.958351  0.958379
400  0.967291  0.966460  0.966487
450  0.971792  0.973058  0.973084
500  0.975270  0.978394  0.978420
550  0.977975  0.982688  0.982716
600  0.980480  0.986131  0.986161
650  0.982339  0.988883  0.988914
700  0.983933  0.991077  0.991109
750  0.985426  0.992824  0.992856
800  0.986674  0.994213  0.994242
850  0.987778  0.995315  0.995342
900  0.988653  0.996189  0.996213
950  0.989085  0.996881  0.996903
1000  0.988344  0.997429  0.997448
1050  0.985064  0.997862  0.997880
1100  0.975642  0.998205  0.998221
1150  0.961697  0.998477  0.998491
