t  ft  vof
0.00000  +4.875199e-02  +4.846644e-02
0.00500  +4.837553e-02  +4.798354e-02
0.01000  +4.733066e-02  +4.678656e-02
0.01500  +4.564597e-02  +4.491547e-02
0.02000  +4.335669e-02  +4.241826e-02
0.02500  +4.050448e-02  +3.937802e-02
0.03000  +3.713735e-02  +3.593196e-02
0.03500  +3.330899e-02  +3.219066e-02
0.04000  +2.907769e-02  +2.815394e-02
0.04500  +2.450550e-02  +2.393262e-02
0.05000  +1.965805e-02  +1.944818e-02
0.05500  +1.460516e-02  +1.475895e-02
0.06000  +9.420231e-03  +1.005776e-02
0.06500  +4.177625e-03  +5.150711e-03
0.07000  -1.050032e-03  +3.448412e-04
0.07500  -6.193053e-03  -4.385286e-03
0.08000  -1.118402e-02  -8.947978e-03
0.08500  -1.595730e-02  -1.331169e-02
0.09000  -2.045155e-02  -1.745104e-02
0.09500  -2.461055e-02  -2.122690e-02
0.10000  -2.838263e-02  -2.457170e-02
0.10500  -3.172191e-02  -2.743018e-02
0.11000  -3.458936e-02  -2.980496e-02
0.11500  -3.695312e-02  -3.173380e-02
0.12000  -3.878886e-02  -3.313394e-02
0.12500  -4.007974e-02  -3.409045e-02
0.13000  -4.081626e-02  -3.454177e-02
0.13500  -4.099632e-02  -3.455102e-02
0.14000  -4.062516e-02  -3.414096e-02
0.14500  -3.971513e-02  -3.327095e-02
0.15000  -3.828537e-02  -3.197631e-02
0.15500  -3.636140e-02  -3.026104e-02
0.16000  -3.397500e-02  -2.813422e-02
0.16500  -3.116384e-02  -2.560531e-02
0.17000  -2.797098e-02  -2.266195e-02
0.17500  -2.444425e-02  -1.942647e-02
0.18000  -2.063568e-02  -1.606352e-02
0.18500  -1.660055e-02  -1.255389e-02
0.19000  -1.239648e-02  -8.918310e-03
0.19500  -8.083191e-03  -5.212306e-03
0.20000  -3.721061e-03  -1.508667e-03
0.20500  +6.306411e-04  +2.131920e-03
0.21000  +4.914323e-03  +5.674004e-03
0.21500  +9.073899e-03  +9.081287e-03
0.22000  +1.305501e-02  +1.232640e-02
0.22500  +1.680653e-02  +1.536552e-02
0.23000  +2.028223e-02  +1.812965e-02
0.23500  +2.344026e-02  +2.056792e-02
0.24000  +2.624323e-02  +2.262408e-02
0.24500  +2.866154e-02  +2.427658e-02
0.25000  +3.066453e-02  +2.555242e-02
0.25500  +3.222825e-02  +2.645213e-02
0.26000  +3.333975e-02  +2.695854e-02
0.26500  +3.398969e-02  +2.705922e-02
0.27000  +3.417530e-02  +2.677552e-02
0.27500  +3.390008e-02  +2.613883e-02
0.28000  +3.317378e-02  +2.519637e-02
0.28500  +3.201236e-02  +2.394425e-02
0.29000  +3.043750e-02  +2.233855e-02
0.29500  +2.847600e-02  +2.043423e-02
0.30000  +2.615934e-02  +1.827453e-02
0.30500  +2.352337e-02  +1.589202e-02
0.31000  +2.060780e-02  +1.332431e-02
0.31500  +1.745549e-02  +1.060380e-02
0.32000  +1.411178e-02  +7.764118e-03
0.32500  +1.062389e-02  +4.848370e-03
0.33000  +7.040670e-03  +1.911542e-03
0.33500  +3.411880e-03  -9.961643e-04
0.34000  -2.125095e-04  -3.850841e-03
0.34500  -3.782832e-03  -6.647483e-03
0.35000  -7.251057e-03  -9.311008e-03
0.35500  -1.057210e-02  -1.179399e-02
0.36000  -1.370485e-02  -1.405123e-02
0.36500  -1.661107e-02  -1.604199e-02
0.37000  -1.925576e-02  -1.772899e-02
0.37500  -2.160737e-02  -1.911230e-02
0.38000  -2.363703e-02  -2.024277e-02
0.38500  -2.532272e-02  -2.101627e-02
0.39000  -2.664707e-02  -2.153887e-02
0.39500  -2.759573e-02  -2.188353e-02
0.40000  -2.816051e-02  -2.189854e-02
0.40500  -2.833851e-02  -2.156702e-02
0.41000  -2.813238e-02  -2.092333e-02
0.41500  -2.754984e-02  -1.992068e-02
0.42000  -2.660323e-02  -1.860205e-02
0.42500  -2.530963e-02  -1.701903e-02
0.43000  -2.369091e-02  -1.518515e-02
0.43500  -2.177302e-02  -1.313524e-02
0.44000  -1.958547e-02  -1.090999e-02
0.44500  -1.716111e-02  -8.574728e-03
0.45000  -1.453602e-02  -6.257279e-03
0.45500  -1.174890e-02  -3.897594e-03
0.46000  -8.839996e-03  -1.523753e-03
0.46500  -5.850132e-03  +8.277332e-04
0.47000  -2.820505e-03  +3.107853e-03
0.47500  +2.078370e-04  +5.295049e-03
0.48000  +3.194238e-03  +7.368566e-03
0.48500  +6.099025e-03  +9.302984e-03
0.49000  +8.884047e-03  +1.107045e-02
0.49500  +1.151348e-02  +1.264453e-02
0.50000  +1.395416e-02  +1.400484e-02
0.50500  +1.617556e-02  +1.513409e-02
0.51000  +1.814949e-02  +1.601635e-02
0.51500  +1.985072e-02  +1.664188e-02
0.52000  +2.125745e-02  +1.700692e-02
0.52500  +2.235264e-02  +1.711677e-02
0.53000  +2.312401e-02  +1.699435e-02
0.53500  +2.356400e-02  +1.664599e-02
0.54000  +2.366984e-02  +1.606986e-02
0.54500  +2.344362e-02  +1.527161e-02
0.55000  +2.289225e-02  +1.426463e-02
0.55500  +2.202721e-02  +1.306754e-02
0.56000  +2.086428e-02  +1.170956e-02
0.56500  +1.942330e-02  +1.021834e-02
0.57000  +1.772786e-02  +8.608398e-03
0.57500  +1.580481e-02  +6.894146e-03
0.58000  +1.368379e-02  +5.099235e-03
0.58500  +1.139690e-02  +3.251470e-03
0.59000  +8.978212e-03  +1.375439e-03
0.59500  +6.463248e-03  -5.091242e-04
0.60000  +3.888345e-03  -2.366709e-03
0.60500  +1.290161e-03  -4.161996e-03
0.61000  -1.295228e-03  -5.869595e-03
0.61500  -3.830154e-03  -7.478045e-03
0.62000  -6.285303e-03  -8.968009e-03
0.62500  -8.624692e-03  -1.032303e-02
0.63000  -1.081641e-02  -1.152909e-02
0.63500  -1.283094e-02  -1.257290e-02
0.64000  -1.464235e-02  -1.343330e-02
0.64500  -1.622787e-02  -1.408710e-02
0.65000  -1.756809e-02  -1.452763e-02
0.65500  -1.864719e-02  -1.476185e-02
0.66000  -1.945327e-02  -1.480545e-02
0.66500  -1.997846e-02  -1.464967e-02
0.67000  -2.021911e-02  -1.429202e-02
0.67500  -2.017444e-02  -1.373817e-02
0.68000  -1.985157e-02  -1.299694e-02
0.68500  -1.925616e-02  -1.208371e-02
0.69000  -1.840275e-02  -1.101580e-02
0.69500  -1.730544e-02  -9.809637e-03
0.70000  -1.598303e-02  -8.485837e-03
0.70500  -1.445728e-02  -7.065695e-03
0.71000  -1.275260e-02  -5.571386e-03
0.71500  -1.089584e-02  -4.022514e-03
0.72000  -8.915941e-03  -2.444485e-03
0.72500  -6.843461e-03  -8.589135e-04
0.73000  -4.709860e-03  +7.161941e-04
0.73500  -2.546778e-03  +2.273510e-03
0.74000  -3.850135e-04  +3.795060e-03
0.74500  +1.743041e-03  +5.235681e-03
0.75000  +3.809175e-03  +6.563390e-03
0.75500  +5.781577e-03  +7.749679e-03
0.76000  +7.633815e-03  +8.820692e-03
0.76500  +9.344271e-03  +9.723295e-03
0.77000  +1.088978e-02  +1.047269e-02
0.77500  +1.225145e-02  +1.105991e-02
0.78000  +1.341349e-02  +1.144297e-02
0.78500  +1.436321e-02  +1.165670e-02
0.79000  +1.509104e-02  +1.170658e-02
0.79500  +1.559066e-02  +1.159343e-02
0.80000  +1.585922e-02  +1.137055e-02
0.80500  +1.589726e-02  +1.103760e-02
0.81000  +1.570865e-02  +1.057403e-02
0.81500  +1.530045e-02  +9.911148e-03
0.82000  +1.468280e-02  +9.150119e-03
0.82500  +1.386865e-02  +8.268663e-03
0.83000  +1.287348e-02  +7.334558e-03
0.83500  +1.171520e-02  +6.197914e-03
0.84000  +1.041334e-02  +4.905082e-03
0.84500  +8.989779e-03  +3.496079e-03
0.85000  +7.467710e-03  +2.011802e-03
0.85500  +5.871502e-03  +5.082453e-04
0.86000  +4.226538e-03  -1.024549e-03
0.86500  +2.558840e-03  -2.540271e-03
0.87000  +8.944285e-04  -4.032750e-03
0.87500  -7.421407e-04  -5.469526e-03
0.88000  -2.324857e-03  -6.774373e-03
0.88500  -3.831542e-03  -7.925665e-03
0.89000  -5.241821e-03  -8.871219e-03
0.89500  -6.535036e-03  -9.697531e-03
0.90000  -7.694847e-03  -1.041163e-02
0.90500  -8.706452e-03  -1.098554e-02
0.91000  -9.557683e-03  -1.144332e-02
0.91500  -1.023904e-02  -1.168667e-02
0.92000  -1.074379e-02  -1.170521e-02
0.92500  -1.106805e-02  -1.154233e-02
0.93000  -1.121082e-02  -1.123934e-02
0.93500  -1.117273e-02  -1.077221e-02
0.94000  -1.096132e-02  -1.011113e-02
0.94500  -1.058255e-02  -9.350103e-03
0.95000  -1.004658e-02  -8.471296e-03
0.95500  -9.364431e-03  -7.471830e-03
0.96000  -8.552039e-03  -6.355856e-03
0.96500  -7.625432e-03  -5.135073e-03
0.97000  -6.601582e-03  -3.826265e-03
0.97500  -5.499042e-03  -2.455867e-03
0.98000  -4.337292e-03  -1.051737e-03
0.98500  -3.136547e-03  +3.344353e-04
0.99000  -1.917349e-03  +1.679986e-03
0.99500  -7.000592e-04  +2.977812e-03
