passo  ft  ftbal  vof
0  4.73477800e-04  2.42100000e-07  4.81072000e-05
2  5.15337300e-04  1.61330000e-06  7.54852000e-05
4  5.15687400e-04  5.26700000e-07  8.29950000e-05
6  5.18241200e-04  1.98200000e-07  8.51854000e-05
8  5.19330200e-04  4.90000000e-08  8.54730000e-05
10  5.19748300e-04  4.38000000e-08  8.49820000e-05
12  5.19809700e-04  1.97000000e-08  8.41443000e-05
14  5.19667700e-04  8.70000000e-09  8.31438000e-05
16  5.19406800e-04  7.10000000e-09  8.24863000e-05
18  5.19076500e-04  4.00000000e-09  8.18760000e-05
20  5.18706600e-04  1.60000000e-09  8.12067000e-05
22  5.18315000e-04  1.30000000e-09  8.04982000e-05
24  5.17912900e-04  1.00000000e-09  7.97629000e-05
26  5.17507000e-04  7.00000000e-10  7.90085000e-05
28  5.17101400e-04  4.00000000e-10  7.82405000e-05
30  5.16698600e-04  2.00000000e-10  7.74628000e-05
32  5.16300100e-04  2.00000000e-10  7.66784000e-05
34  5.15906900e-04  1.00000000e-10  7.58897000e-05
36  5.15519300e-04  2.00000000e-10  7.50985000e-05
38  5.15137800e-04  2.00000000e-10  7.43064000e-05
40  5.14762400e-04  2.00000000e-10  7.35147000e-05
42  5.14393200e-04  1.00000000e-10  7.27247000e-05
44  5.14030100e-04  1.00000000e-12  7.19371000e-05
46  5.13673200e-04  1.00000000e-12  7.11527000e-05
48  5.13322300e-04  1.00000000e-12  7.03724000e-05
50  5.12977400e-04  1.00000000e-12  6.95965000e-05
52  5.12638500e-04  1.00000000e-12  6.88256000e-05
54  5.12305400e-04  1.00000000e-12  6.80602000e-05
56  5.11978000e-04  1.00000000e-12  6.73005000e-05
58  5.11656400e-04  1.00000000e-12  6.65468000e-05
60  5.11340300e-04  1.00000000e-12  6.57994000e-05
62  5.11029700e-04  1.00000000e-12  6.50584000e-05
64  5.10724600e-04  1.00000000e-12  6.43241000e-05
66  5.10424700e-04  1.00000000e-12  6.35965000e-05
68  5.10130200e-04  1.00000000e-12  6.28757000e-05
70  5.09840800e-04  1.00000000e-12  6.21618000e-05
72  5.09556500e-04  1.00000000e-12  6.14550000e-05
74  5.09277200e-04  1.00000000e-12  6.07551000e-05
76  5.09002800e-04  1.00000000e-12  6.00623000e-05
78  5.08733300e-04  1.00000000e-12  5.93765000e-05
80  5.08468500e-04  1.00000000e-12  5.86977000e-05
82  5.08208500e-04  1.00000000e-12  5.80260000e-05
84  5.07953000e-04  1.00000000e-12  5.73613000e-05
86  5.07702100e-04  1.00000000e-12  5.67036000e-05
88  5.07455600e-04  1.00000000e-12  5.60529000e-05
90  5.07213500e-04  1.00000000e-12  5.54091000e-05
92  5.06975700e-04  1.00000000e-12  5.47721000e-05
94  5.06742100e-04  1.00000000e-12  5.41420000e-05
96  5.06512700e-04  1.00000000e-12  5.35187000e-05
98  5.06287400e-04  1.00000000e-12  5.29021000e-05
100  5.06066000e-04  1.00000000e-12  5.22923000e-05
