x y
0.6500000 0.7500000
0.6499548 0.7536812
0.6498193 0.7573602
0.6495936 0.7610347
0.6492777 0.7647026
0.6488719 0.7683616
0.6483765 0.7720096
0.6477916 0.7756443
0.6471178 0.7792635
0.6463553 0.7828652
0.6455047 0.7864470
0.6445664 0.7900069
0.6435411 0.7935427
0.6424292 0.7970523
0.6412316 0.8005335
0.6399489 0.8039843
0.6385819 0.8074025
0.6371315 0.8107862
0.6355984 0.8141333
0.6339836 0.8174417
0.6322882 0.8207095
0.6305130 0.8239347
0.6286593 0.8271154
0.6267280 0.8302496
0.6247204 0.8333355
0.6226377 0.8363712
0.6204811 0.8393549
0.6182520 0.8422847
0.6159516 0.8451590
0.6135813 0.8479759
0.6111427 0.8507338
0.6086371 0.8534311
0.6060660 0.8560660
0.6034311 0.8586371
0.6007338 0.8611427
0.5979759 0.8635813
0.5951590 0.8659516
0.5922847 0.8682520
0.5893549 0.8704811
0.5863712 0.8726377
0.5833355 0.8747204
0.5802496 0.8767280
0.5771154 0.8786593
0.5739347 0.8805130
0.5707095 0.8822882
0.5674417 0.8839836
0.5641333 0.8855984
0.5607862 0.8871315
0.5574025 0.8885819
0.5539843 0.8899489
0.5505335 0.8912316
0.5470523 0.8924292
0.5435427 0.8935411
0.5400069 0.8945664
0.5364470 0.8955047
0.5328652 0.8963553
0.5292635 0.8971178
0.5256443 0.8977916
0.5220096 0.8983765
0.5183616 0.8988719
0.5147026 0.8992777
0.5110347 0.8995936
0.5073602 0.8998193
0.5036812 0.8999548
0.5000000 0.9000000
0.4963188 0.8999548
0.4926398 0.8998193
0.4889653 0.8995936
0.4852974 0.8992777
0.4816384 0.8988719
0.4779904 0.8983765
0.4743557 0.8977916
0.4707365 0.8971178
0.4671348 0.8963553
0.4635530 0.8955047
0.4599931 0.8945664
0.4564573 0.8935411
0.4529477 0.8924292
0.4494665 0.8912316
0.4460157 0.8899489
0.4425975 0.8885819
0.4392138 0.8871315
0.4358667 0.8855984
0.4325583 0.8839836
0.4292905 0.8822882
0.4260653 0.8805130
0.4228846 0.8786593
0.4197504 0.8767280
0.4166645 0.8747204
0.4136288 0.8726377
0.4106451 0.8704811
0.4077153 0.8682520
0.4048410 0.8659516
0.4020241 0.8635813
0.3992662 0.8611427
0.3965689 0.8586371
0.3939340 0.8560660
0.3913629 0.8534311
0.3888573 0.8507338
0.3864187 0.8479759
0.3840484 0.8451590
0.3817480 0.8422847
0.3795189 0.8393549
0.3773623 0.8363712
0.3752796 0.8333355
0.3732720 0.8302496
0.3713407 0.8271154
0.3694870 0.8239347
0.3677118 0.8207095
0.3660164 0.8174417
0.3644016 0.8141333
0.3628685 0.8107862
0.3614181 0.8074025
0.3600511 0.8039843
0.3587684 0.8005335
0.3575708 0.7970523
0.3564589 0.7935427
0.3554336 0.7900069
0.3544953 0.7864470
0.3536447 0.7828652
0.3528822 0.7792635
0.3522084 0.7756443
0.3516235 0.7720096
0.3511281 0.7683616
0.3507223 0.7647026
0.3504064 0.7610347
0.3501807 0.7573602
0.3500452 0.7536812
0.3500000 0.7500000
0.3500452 0.7463188
0.3501807 0.7426398
0.3504064 0.7389653
0.3507223 0.7352974
0.3511281 0.7316384
0.3516235 0.7279904
0.3522084 0.7243557
0.3528822 0.7207365
0.3536447 0.7171348
0.3544953 0.7135530
0.3554336 0.7099931
0.3564589 0.7064573
0.3575708 0.7029477
0.3587684 0.6994665
0.3600511 0.6960157
0.3614181 0.6925975
0.3628685 0.6892138
0.3644016 0.6858667
0.3660164 0.6825583
0.3677118 0.6792905
0.3694870 0.6760653
0.3713407 0.6728846
0.3732720 0.6697504
0.3752796 0.6666645
0.3773623 0.6636288
0.3795189 0.6606451
0.3817480 0.6577153
0.3840484 0.6548410
0.3864187 0.6520241
0.3888573 0.6492662
0.3913629 0.6465689
0.3939340 0.6439340
0.3965689 0.6413629
0.3992662 0.6388573
0.4020241 0.6364187
0.4048410 0.6340484
0.4077153 0.6317480
0.4106451 0.6295189
0.4136288 0.6273623
0.4166645 0.6252796
0.4197504 0.6232720
0.4228846 0.6213407
0.4260653 0.6194870
0.4292905 0.6177118
0.4325583 0.6160164
0.4358667 0.6144016
0.4392138 0.6128685
0.4425975 0.6114181
0.4460157 0.6100511
0.4494665 0.6087684
0.4529477 0.6075708
0.4564573 0.6064589
0.4599931 0.6054336
0.4635530 0.6044953
0.4671348 0.6036447
0.4707365 0.6028822
0.4743557 0.6022084
0.4779904 0.6016235
0.4816384 0.6011281
0.4852974 0.6007223
0.4889653 0.6004064
0.4926398 0.6001807
0.4963188 0.6000452
0.5000000 0.6000000
0.5036812 0.6000452
0.5073602 0.6001807
0.5110347 0.6004064
0.5147026 0.6007223
0.5183616 0.6011281
0.5220096 0.6016235
0.5256443 0.6022084
0.5292635 0.6028822
0.5328652 0.6036447
0.5364470 0.6044953
0.5400069 0.6054336
0.5435427 0.6064589
0.5470523 0.6075708
0.5505335 0.6087684
0.5539843 0.6100511
0.5574025 0.6114181
0.5607862 0.6128685
0.5641333 0.6144016
0.5674417 0.6160164
0.5707095 0.6177118
0.5739347 0.6194870
0.5771154 0.6213407
0.5802496 0.6232720
0.5833355 0.6252796
0.5863712 0.6273623
0.5893549 0.6295189
0.5922847 0.6317480
0.5951590 0.6340484
0.5979759 0.6364187
0.6007338 0.6388573
0.6034311 0.6413629
0.6060660 0.6439340
0.6086371 0.6465689
0.6111427 0.6492662
0.6135813 0.6520241
0.6159516 0.6548410
0.6182520 0.6577153
0.6204811 0.6606451
0.6226377 0.6636288
0.6247204 0.6666645
0.6267280 0.6697504
0.6286593 0.6728846
0.6305130 0.6760653
0.6322882 0.6792905
0.6339836 0.6825583
0.6355984 0.6858667
0.6371315 0.6892138
0.6385819 0.6925975
0.6399489 0.6960157
0.6412316 0.6994665
0.6424292 0.7029477
0.6435411 0.7064573
0.6445664 0.7099931
0.6455047 0.7135530
0.6463553 0.7171348
0.6471178 0.7207365
0.6477916 0.7243557
0.6483765 0.7279904
0.6488719 0.7316384
0.6492777 0.7352974
0.6495936 0.7389653
0.6498193 0.7426398
0.6499548 0.7463188
0.6500000 0.7500000
