x y
0.2896232 0.2941638
0.2846691 0.2969561
0.2797462 0.2998711
0.2749742 0.3028849
0.2702371 0.3060225
0.2656526 0.3092529
0.2611059 0.3126073
0.2567128 0.3160484
0.2523598 0.3196137
0.2481607 0.3232592
0.2440034 0.3270288
0.2399993 0.3308717
0.2360387 0.3348388
0.2322300 0.3388719
0.2284658 0.3430286
0.2248516 0.3472440
0.2212826 0.3515820
0.2178613 0.3559712
0.2144854 0.3604816
0.2112545 0.3650353
0.2080689 0.3697086
0.2050255 0.3744172
0.2020269 0.3792431
0.1991671 0.3840958
0.1963517 0.3890636
0.1936714 0.3940494
0.1910348 0.3991475
0.1885295 0.4042545
0.1860670 0.4094709
0.1837317 0.4146868
0.1814385 0.4200087
0.1792683 0.4253207
0.1771388 0.4307347
0.1751282 0.4361291
0.1731572 0.4416216
0.1713008 0.4470847
0.1694825 0.4526413
0.1677745 0.4581586
0.1661034 0.4637649
0.1645382 0.4693219
0.1630082 0.4749630
0.1615799 0.4805449
0.1601854 0.4862057
0.1588881 0.4917975
0.1576229 0.4974632
0.1564507 0.5030500
0.1553090 0.5087054
0.1542558 0.5142724
0.1532316 0.5199027
0.1522915 0.5254353
0.1513788 0.5310261
0.1505458 0.5365100
0.1497384 0.5420469
0.1490066 0.5474684
0.1482986 0.5529376
0.1476618 0.5582832
0.1470471 0.5636718
0.1464994 0.5689289
0.1459721 0.5742241
0.1455074 0.5793806
0.1450613 0.5845707
0.1446736 0.5896154
0.1443027 0.5946891
0.1439860 0.5996114
0.1436844 0.6045587
0.1434328 0.6093490
0.1431943 0.6141602
0.1430018 0.6188095
0.1428204 0.6234760
0.1426810 0.6279764
0.1425508 0.6324904
0.1424585 0.6368345
0.1423737 0.6411892
0.1423227 0.6453708
0.1422772 0.6495598
0.1422616 0.6535731
0.1422497 0.6575911
0.1422639 0.6614313
0.1422796 0.6652735
0.1423556 0.6725988
0.1424665 0.6795598
0.1426013 0.6861506
0.1427494 0.6923664
0.1429004 0.6982029
0.1430444 0.7036567
0.1431718 0.7087250
0.1432735 0.7134054
0.1433410 0.7176957
0.1433662 0.7215940
0.1433419 0.7250984
0.1432614 0.7282070
0.1431186 0.7309177
0.1429086 0.7332279
0.1426268 0.7351351
0.1422699 0.7366360
0.1418353 0.7377268
0.1413213 0.7384033
0.1407273 0.7386606
0.1400536 0.7384929
0.1393016 0.7378941
0.1384735 0.7368570
0.1375727 0.7353738
0.1366036 0.7334360
0.1355715 0.7310345
0.1344829 0.7281593
0.1333449 0.7248002
0.1321659 0.7209461
0.1309551 0.7165860
0.1297226 0.7117084
0.1284792 0.7063021
0.1272368 0.7003558
0.1260078 0.6938591
0.1248055 0.6868020
0.1242239 0.6829869
0.1236438 0.6791762
0.1230887 0.6750695
0.1225374 0.6709746
0.1220164 0.6665736
0.1215015 0.6621921
0.1210225 0.6574953
0.1205521 0.6528264
0.1201232 0.6478338
0.1197056 0.6428779
0.1193355 0.6375915
0.1189790 0.6323506
0.1186764 0.6267738
0.1183900 0.6212523
0.1181641 0.6153915
0.1179567 0.6095957
0.1178168 0.6034591
0.1176977 0.5973980
0.1176534 0.5909968
0.1176323 0.5846820
0.1176937 0.5780301
0.1177804 0.5714761
0.1179575 0.5645905
0.1181621 0.5578144
0.1184655 0.5507150
0.1187986 0.5437373
0.1192389 0.5364468
0.1197111 0.5292904
0.1200050 0.5255609
0.1202996 0.5218345
0.1209220 0.5145253
0.1212951 0.5107248
0.1216699 0.5069322
0.1220614 0.5032134
0.1224538 0.4994985
0.1229119 0.4956424
0.1233727 0.4917987
0.1238503 0.4880303
0.1243298 0.4842709
0.1248790 0.4803752
0.1254317 0.4764967
0.1260015 0.4726951
0.1265739 0.4689070
0.1272203 0.4649890
0.1278711 0.4610924
0.1285391 0.4572744
0.1292107 0.4534740
0.1299606 0.4495513
0.1307157 0.4456537
0.1314882 0.4418367
0.1322650 0.4380409
0.1331248 0.4341311
0.1339903 0.4302501
0.1348739 0.4264513
0.1357624 0.4226772
0.1367385 0.4187978
0.1377211 0.4149508
0.1387222 0.4111872
0.1397288 0.4074518
0.1408278 0.4036203
0.1419339 0.3998241
0.1430591 0.3961129
0.1441903 0.3924320
0.1454189 0.3886654
0.1466550 0.3849362
0.1479109 0.3812933
0.1491732 0.3776827
0.1505379 0.3739968
0.1519106 0.3703501
0.1533039 0.3667907
0.1547038 0.3632653
0.1562113 0.3596751
0.1577269 0.3561252
0.1592642 0.3526639
0.1608081 0.3492369
0.1624647 0.3457561
0.1641295 0.3423164
0.1658173 0.3389664
0.1675114 0.3356500
0.1693235 0.3322913
0.1711438 0.3289734
0.1729883 0.3257475
0.1748382 0.3225523
0.1768117 0.3193273
0.1787927 0.3161416
0.1828114 0.3099860
0.1849523 0.3069050
0.1870993 0.3038601
0.1914523 0.2979882
0.1937673 0.2950693
0.1960830 0.2921638
0.2007794 0.2865909
0.2032703 0.2838343
0.2057610 0.2810820
0.2108085 0.2758213
0.2134780 0.2732288
0.2161472 0.2706397
0.2215511 0.2657020
0.2244014 0.2632776
0.2272509 0.2608573
0.2301327 0.2585544
0.2330144 0.2562516
0.2360462 0.2539990
0.2390766 0.2517516
0.2421387 0.2496174
0.2452001 0.2474852
0.2484127 0.2454075
0.2516229 0.2433361
0.2548641 0.2413735
0.2581034 0.2394147
0.2614944 0.2375144
0.2648817 0.2356212
0.2682988 0.2338326
0.2717126 0.2320495
0.2752775 0.2303284
0.2788371 0.2286153
0.2824252 0.2270026
0.2860079 0.2253968
0.2897406 0.2238562
0.2934658 0.2223246
0.2972169 0.2208896
0.3009609 0.2194621
0.3048523 0.2181033
0.3087338 0.2167539
0.3126389 0.2154976
0.3165342 0.2142497
0.3205734 0.2130733
0.3245999 0.2119072
0.3286467 0.2108304
0.3326806 0.2097628
0.3368540 0.2087698
0.3410116 0.2077873
0.3451855 0.2068912
0.3493435 0.2060044
0.3536348 0.2051953
0.3579072 0.2043967
0.3621916 0.2036820
0.3664570 0.2029767
0.3708482 0.2023521
0.3752171 0.2017379
0.3795931 0.2012050
0.3839462 0.2006819
0.3884170 0.2002423
0.3928620 0.1998130
0.3973084 0.1994628
0.4017284 0.1991224
0.4062568 0.1988682
0.4107556 0.1986243
0.4152499 0.1984574
0.4197142 0.1983002
0.4242765 0.1982319
0.4288057 0.1981739
0.4333237 0.1981911
0.4378090 0.1982177
0.4423808 0.1983357
0.4469159 0.1984640
0.4514334 0.1986658
0.4559148 0.1988770
0.4604707 0.1991819
0.4649873 0.1994969
0.4694794 0.1998837
0.4739322 0.2002801
0.4784470 0.2007723
0.4829202 0.2012743
0.4873619 0.2018469
0.4917621 0.2024287
0.4962119 0.2031085
0.5006173 0.2037980
0.5049842 0.2045564
0.5093079 0.2053239
0.5136684 0.2061912
0.5179829 0.2070682
0.5222523 0.2080125
0.5264772 0.2089659
0.5307258 0.2100207
0.5349280 0.2110849
0.5390779 0.2122147
0.5431831 0.2133536
0.5472996 0.2145951
0.5513690 0.2158460
0.5553801 0.2171605
0.5593459 0.2184839
0.5633112 0.2199110
0.5672299 0.2213475
0.5710837 0.2228453
0.5748938 0.2243519
0.5786908 0.2259629
0.5824431 0.2275831
0.5861245 0.2292621
0.5897633 0.2309498
0.5933780 0.2327424
0.5969499 0.2345439
0.6004447 0.2364011
0.6039000 0.2382664
0.6073195 0.2402370
0.6106995 0.2422159
0.6139964 0.2442477
0.6172580 0.2462868
0.6204717 0.2484314
0.6236513 0.2505833
0.6267393 0.2527847
0.6298002 0.2549918
0.6327986 0.2573056
0.6357720 0.2596245
0.6386382 0.2619902
0.6414976 0.2643570
0.6442692 0.2668341
0.6470361 0.2693118
0.6523286 0.2743527
0.6574255 0.2796127
0.6622787 0.2849435
0.6669289 0.2904884
0.6713396 0.2960879
0.6755408 0.3018951
0.6795085 0.3077382
0.6832607 0.3137789
0.6867875 0.3198404
0.6900934 0.3260856
0.6931832 0.3323349
0.6960475 0.3387509
0.6987059 0.3451564
0.7011352 0.3517079
0.7033694 0.3582350
0.7053722 0.3648842
0.7071904 0.3714968
0.7087765 0.3782050
0.7101885 0.3848649
0.7113689 0.3915927
0.7123860 0.3982611
0.7131734 0.4049683
0.7138075 0.4116063
0.7142153 0.4182535
0.7144801 0.4248227
0.7145235 0.4313715
0.7144332 0.4378346
0.7141281 0.4442480
0.7136988 0.4505697
0.7130623 0.4568132
0.7123108 0.4629602
0.7113610 0.4690019
0.7103059 0.4749440
0.7090618 0.4807552
0.7077228 0.4864652
0.7062049 0.4920208
0.7046025 0.4974747
0.7028311 0.5027529
0.7009884 0.5079307
0.6989850 0.5129137
0.6969256 0.5177989
0.6947145 0.5224723
0.6924612 0.5270522
0.6900692 0.5314055
0.6876438 0.5356709
0.6850969 0.5396966
0.6825232 0.5436420
0.6798479 0.5473366
0.6771501 0.5509593
0.6743723 0.5543217
0.6715756 0.5576226
0.6687212 0.5606551
0.6658509 0.5636371
0.6629445 0.5663419
0.6600265 0.5690131
0.6570911 0.5713945
0.6541520 0.5737654
0.6482756 0.5779126
0.6424434 0.5814766
0.6366991 0.5844820
0.6310838 0.5869558
0.6256354 0.5889266
0.6203882 0.5904244
0.6153734 0.5914797
0.6106181 0.5921238
0.6061457 0.5923878
0.6019759 0.5923025
0.5981248 0.5918980
0.5946048 0.5912032
0.5914248 0.5902461
0.5885907 0.5890529
0.5861053 0.5876482
0.5839687 0.5860546
0.5821783 0.5842928
0.5807296 0.5823811
0.5796157 0.5803356
0.5788283 0.5781703
0.5783574 0.5758967
0.5781916 0.5735240
0.5783184 0.5710590
0.5787244 0.5685066
0.5793954 0.5658691
0.5803162 0.5631471
0.5814712 0.5603391
0.5828441 0.5574419
0.5844183 0.5544505
0.5861764 0.5513585
0.5881007 0.5481582
0.5901731 0.5448407
0.5923748 0.5413962
0.5946868 0.5378141
0.5970894 0.5340835
0.5995622 0.5301929
0.6020846 0.5261308
0.6046352 0.5218859
0.6071919 0.5174473
0.6097322 0.5128045
0.6122329 0.5079482
0.6146701 0.5028699
0.6170195 0.4975627
0.6192563 0.4920210
0.6213550 0.4862413
0.6232900 0.4802219
0.6250352 0.4739636
0.6265643 0.4674693
0.6278510 0.4607447
0.6288689 0.4537982
0.6295920 0.4466411
0.6297931 0.4429642
0.6299943 0.4392872
0.6300243 0.4355224
0.6300505 0.4317537
0.6298972 0.4279103
0.6297360 0.4240601
0.6293873 0.4201488
0.6290267 0.4162290
0.6284725 0.4122618
0.6278999 0.4082855
0.6271307 0.4042754
0.6263338 0.4002570
0.6253415 0.3962184
0.6243080 0.3921731
0.6230822 0.3881217
0.6218038 0.3840653
0.6203351 0.3800175
0.6188043 0.3759665
0.6170842 0.3719392
0.6152946 0.3679110
0.6133166 0.3639214
0.6112618 0.3599334
0.6090202 0.3559991
0.6066958 0.3520692
0.6041862 0.3482075
0.6015889 0.3443535
0.5988093 0.3405819
0.5959362 0.3368212
0.5928853 0.3331564
0.5897363 0.3295063
0.5864146 0.3259647
0.5829907 0.3224417
0.5794005 0.3190389
0.5757046 0.3156589
0.5718500 0.3124097
0.5678867 0.3091876
0.5637739 0.3061057
0.5595496 0.3030558
0.5551861 0.3001541
0.5507097 0.2972892
0.5461053 0.2945795
0.5413875 0.2919115
0.5365538 0.2894039
0.5316071 0.2869440
0.5265576 0.2846486
0.5213968 0.2824058
0.5161468 0.2803304
0.5107882 0.2783138
0.5053548 0.2764656
0.4998168 0.2746824
0.4942186 0.2730671
0.4885209 0.2715241
0.4827781 0.2701481
0.4769419 0.2688493
0.4710758 0.2677164
0.4651234 0.2666664
0.4591564 0.2657804
0.4531109 0.2649819
0.4470661 0.2643455
0.4409511 0.2638008
0.4348521 0.2634158
0.4286915 0.2631265
0.4225621 0.2629939
0.4163799 0.2629608
0.4102435 0.2630815
0.4040632 0.2633045
0.3979430 0.2636783
0.3917876 0.2641570
0.3857058 0.2647832
0.3795975 0.2655168
0.3735754 0.2663940
0.3675352 0.2673811
0.3615928 0.2685078
0.3556404 0.2697466
0.3497964 0.2711206
0.3439500 0.2726089
0.3382214 0.2742276
0.3324977 0.2759627
0.3269000 0.2778234
0.3213138 0.2798022
0.3158609 0.2819018
0.3104252 0.2841207
0.3051287 0.2864552
0.2998550 0.2889107
0.2947255 0.2914763
0.2896232 0.2941638
