x y
0.6153842 0.2353590
0.6116224 0.2332840
0.6077918 0.2312165
0.6038865 0.2292199
0.5999094 0.2272314
0.5959587 0.2253770
0.5919392 0.2235307
0.5878506 0.2217568
0.5836905 0.2199917
0.5795692 0.2183562
0.5753802 0.2167294
0.5711277 0.2151758
0.5668050 0.2136316
0.5625339 0.2122124
0.5581962 0.2108023
0.5538018 0.2094660
0.5493388 0.2081396
0.5449401 0.2069332
0.5404772 0.2057364
0.5359643 0.2046138
0.5313855 0.2035015
0.5268833 0.2025040
0.5223197 0.2015164
0.5177136 0.2006036
0.5130452 0.1997014
0.5084650 0.1989087
0.5038273 0.1981262
0.4991544 0.1974188
0.4944230 0.1967224
0.4897913 0.1961301
0.4851064 0.1955483
0.4803936 0.1950418
0.4756268 0.1945466
0.4709705 0.1941503
0.4662655 0.1937646
0.4615401 0.1934546
0.4567655 0.1931561
0.4521115 0.1929513
0.4474134 0.1927572
0.4427023 0.1926393
0.4379469 0.1925331
0.4333213 0.1925155
0.4286566 0.1925086
0.4239854 0.1925783
0.4192753 0.1926597
0.4147027 0.1928249
0.4100962 0.1930007
0.4054897 0.1932540
0.4008494 0.1935188
0.3963531 0.1938626
0.3918280 0.1942167
0.3873088 0.1946494
0.3827611 0.1950933
0.3783624 0.1956117
0.3739397 0.1961400
0.3695284 0.1967480
0.3650934 0.1973669
0.3608114 0.1980557
0.3565097 0.1987541
0.3522244 0.1995334
0.3479197 0.2003232
0.3437709 0.2011787
0.3396067 0.2020428
0.3354626 0.2029897
0.3313032 0.2039461
0.3273012 0.2049643
0.3232877 0.2059901
0.3192976 0.2071006
0.3152962 0.2082195
0.3114525 0.2093964
0.3076007 0.2105797
0.3037747 0.2118497
0.2999407 0.2131270
0.2962637 0.2144585
0.2925816 0.2157948
0.2889276 0.2172203
0.2852683 0.2186514
0.2817644 0.2201334
0.2782580 0.2216182
0.2747808 0.2231949
0.2713010 0.2247751
0.2679742 0.2264030
0.2646469 0.2280314
0.2613498 0.2297547
0.2580520 0.2314791
0.2517576 0.2350148
0.2455266 0.2387428
0.2395916 0.2425472
0.2337228 0.2465441
0.2281440 0.2506052
0.2226330 0.2548588
0.2174043 0.2591634
0.2122440 0.2636600
0.2073573 0.2681940
0.2025387 0.2729185
0.1979843 0.2776661
0.1934965 0.2826023
0.1892626 0.2875464
0.1850939 0.2926762
0.1811683 0.2977981
0.1773055 0.3031022
0.1736749 0.3083818
0.1701044 0.3138391
0.1667549 0.3192549
0.1634626 0.3248429
0.1603801 0.3303719
0.1573516 0.3360670
0.1545217 0.3416850
0.1517425 0.3474620
0.1491508 0.3531437
0.1466064 0.3589767
0.1442386 0.3646960
0.1419148 0.3705581
0.1397567 0.3762883
0.1376394 0.3821522
0.1356773 0.3878662
0.1337525 0.3937043
0.1319728 0.3993748
0.1302272 0.4051596
0.1286168 0.4107597
0.1270372 0.4164639
0.1255834 0.4219671
0.1241572 0.4275642
0.1228477 0.4329448
0.1215626 0.4384089
0.1203856 0.4436422
0.1192300 0.4489487
0.1181741 0.4540111
0.1171367 0.4591365
0.1161911 0.4640060
0.1152612 0.4689282
0.1144157 0.4735840
0.1135830 0.4782826
0.1128278 0.4827056
0.1120827 0.4871617
0.1114089 0.4913346
0.1107420 0.4955305
0.1101410 0.4994378
0.1095437 0.5033573
0.1084720 0.5106136
0.1075120 0.5172735
0.1066504 0.5233141
0.1058748 0.5287147
0.1051744 0.5334572
0.1045397 0.5375252
0.1039626 0.5409041
0.1034365 0.5435810
0.1029562 0.5455442
0.1025180 0.5467832
0.1021197 0.5472886
0.1017610 0.5470519
0.1014426 0.5460656
0.1011674 0.5443234
0.1009395 0.5418201
0.1007649 0.5385518
0.1006511 0.5345164
0.1006074 0.5297134
0.1006448 0.5241451
0.1007758 0.5178162
0.1010148 0.5107351
0.1011956 0.5068152
0.1013779 0.5029138
0.1016291 0.4986217
0.1018829 0.4943687
0.1022145 0.4897157
0.1025495 0.4851212
0.1029721 0.4801207
0.1033991 0.4751983
0.1039244 0.4698666
0.1044551 0.4646328
0.1050956 0.4589895
0.1057427 0.4534637
0.1065120 0.4475313
0.1072892 0.4417365
0.1082018 0.4355411
0.1091238 0.4295035
0.1101954 0.4230744
0.1112781 0.4168231
0.1125254 0.4101930
0.1137855 0.4037597
0.1152264 0.3969638
0.1166821 0.3903835
0.1183356 0.3834596
0.1200059 0.3767689
0.1218923 0.3697567
0.1237978 0.3629943
0.1248660 0.3594486
0.1259384 0.3559350
0.1281006 0.3491406
0.1293067 0.3455874
0.1305180 0.3420760
0.1317371 0.3386677
0.1329598 0.3352900
0.1343159 0.3317515
0.1356779 0.3282620
0.1370482 0.3248725
0.1384232 0.3215245
0.1399417 0.3180223
0.1414668 0.3145748
0.1430011 0.3112258
0.1445409 0.3079252
0.1462348 0.3044797
0.1479359 0.3010939
0.1496473 0.2978054
0.1513647 0.2945706
0.1532476 0.2912016
0.1551380 0.2878962
0.1570400 0.2846871
0.1589484 0.2815356
0.1610340 0.2782617
0.1631274 0.2750543
0.1652337 0.2719422
0.1673466 0.2688909
0.1696486 0.2657295
0.1719588 0.2626369
0.1742833 0.2596379
0.1766145 0.2567021
0.1791470 0.2536689
0.1816876 0.2507062
0.1842441 0.2478355
0.1868069 0.2450295
0.1895834 0.2421390
0.1923676 0.2393199
0.1951692 0.2365910
0.1979767 0.2339276
0.2010102 0.2311928
0.2040508 0.2285294
0.2071099 0.2259547
0.2101738 0.2234455
0.2134757 0.2208779
0.2167838 0.2183815
0.2201116 0.2159715
0.2234429 0.2136268
0.2270236 0.2112365
0.2306089 0.2089167
0.2342145 0.2066812
0.2378216 0.2045104
0.2416890 0.2023065
0.2455585 0.2001718
0.2494489 0.1981195
0.2533377 0.1961306
0.2574968 0.1941211
0.2616546 0.1921792
0.2658333 0.1903177
0.2700065 0.1885181
0.2744584 0.1867101
0.2789047 0.1849679
0.2833715 0.1833041
0.2878276 0.1817005
0.2925693 0.1801006
0.2972994 0.1785644
0.3020495 0.1771049
0.3067820 0.1757033
0.3118050 0.1743176
0.3168092 0.1729931
0.3218324 0.1717442
0.3268291 0.1705505
0.3321197 0.1693846
0.3373825 0.1682775
0.3426626 0.1672455
0.3479042 0.1662651
0.3534419 0.1653252
0.3589400 0.1644407
0.3644625 0.1636376
0.3699171 0.1628702
0.3756758 0.1621623
0.3813800 0.1615059
0.3871060 0.1609322
0.3927510 0.1603895
0.3987042 0.1599240
0.4045720 0.1594972
0.4104646 0.1591586
0.4162637 0.1588476
0.4223640 0.1586282
0.4283615 0.1584400
0.4343786 0.1583430
0.4402897 0.1582706
0.4464895 0.1583025
0.4525728 0.1583612
0.4586675 0.1585132
0.4646441 0.1586865
0.4708932 0.1589767
0.4770132 0.1592899
0.4831353 0.1596983
0.4891279 0.1601252
0.4953737 0.1606813
0.5014791 0.1612570
0.5075765 0.1619302
0.5135343 0.1626188
0.5197235 0.1634491
0.5257626 0.1642955
0.5317833 0.1652420
0.5376559 0.1662010
0.5437361 0.1673141
0.5496584 0.1684398
0.5555521 0.1696688
0.5612909 0.1709072
0.5672125 0.1723120
0.5729706 0.1737259
0.5786902 0.1752466
0.5842501 0.1767735
0.5899681 0.1784791
0.5955189 0.1801905
0.6010210 0.1820118
0.6063614 0.1838360
0.6118347 0.1858511
0.6171397 0.1878683
0.6223877 0.1899992
0.6274736 0.1921296
0.6326680 0.1944625
0.6376950 0.1967940
0.6426570 0.1992422
0.6474585 0.2016864
0.6523451 0.2043443
0.6570674 0.2069971
0.6617176 0.2097692
0.6662111 0.2125338
0.6707670 0.2155219
0.6751633 0.2185010
0.6794820 0.2216022
0.6836492 0.2246919
0.6878575 0.2280139
0.6919124 0.2313227
0.6958847 0.2347549
0.6997115 0.2381714
0.7035600 0.2418276
0.7072622 0.2454661
0.7108776 0.2492283
0.7143548 0.2529701
0.7178354 0.2569572
0.7211776 0.2609216
0.7244297 0.2650085
0.7275514 0.2690700
0.7306596 0.2733801
0.7336377 0.2776618
0.7365228 0.2820634
0.7392860 0.2864339
0.7420198 0.2910538
0.7446322 0.2956391
0.7471493 0.3003396
0.7495528 0.3050028
0.7519123 0.3099130
0.7541591 0.3147821
0.7563088 0.3197597
0.7583529 0.3246930
0.7603396 0.3298678
0.7622223 0.3349941
0.7640060 0.3402203
0.7656923 0.3453945
0.7673088 0.3508022
0.7688292 0.3561532
0.7702491 0.3615921
0.7715795 0.3669711
0.7728285 0.3725721
0.7739890 0.3781078
0.7750480 0.3837185
0.7760247 0.3892609
0.7769089 0.3950104
0.7777123 0.4006863
0.7784128 0.4064210
0.7790382 0.4120791
0.7795609 0.4179273
0.7800094 0.4236930
0.7803544 0.4295004
0.7806305 0.4352224
0.7807944 0.4411154
0.7808904 0.4469175
0.7808822 0.4527428
0.7808116 0.4584748
0.7806192 0.4643567
0.7803652 0.4701399
0.7800066 0.4759276
0.7795913 0.4816144
0.7790452 0.4874298
0.7784434 0.4931393
0.7777372 0.4988335
0.7769802 0.5044203
0.7760833 0.5101140
0.7751368 0.5156955
0.7740855 0.5212444
0.7729899 0.5266803
0.7717449 0.5322018
0.7704573 0.5376058
0.7690638 0.5429602
0.7676349 0.5481966
0.7660442 0.5535004
0.7644207 0.5586816
0.7626861 0.5637984
0.7609338 0.5687913
0.7589986 0.5738368
0.7570489 0.5787547
0.7549831 0.5835942
0.7529108 0.5883097
0.7506429 0.5930596
0.7483700 0.5976828
0.7459843 0.6022133
0.7435982 0.6066223
0.7410090 0.6110472
0.7384208 0.6153490
0.7357270 0.6195456
0.7330378 0.6236255
0.7301400 0.6277034
0.7272481 0.6316631
0.7242611 0.6355071
0.7212829 0.6392402
0.7180943 0.6429533
0.7149157 0.6465547
0.7116519 0.6500347
0.7084006 0.6534104
0.7049407 0.6567483
0.7014946 0.6599817
0.6979757 0.6630896
0.6944726 0.6661008
0.6907661 0.6690573
0.6870771 0.6719169
0.6833273 0.6746498
0.6795964 0.6772940
0.6756716 0.6798673
0.6717675 0.6823520
0.6678155 0.6847106
0.6638855 0.6869879
0.6597749 0.6891801
0.6556883 0.6912917
0.6515662 0.6932791
0.6474688 0.6951932
0.6432082 0.6970092
0.6389743 0.6987529
0.6347181 0.7003749
0.6304892 0.7019314
0.6261170 0.7033786
0.6217740 0.7047618
0.6174229 0.7060258
0.6131010 0.7072326
0.6086587 0.7083201
0.6042475 0.7093524
0.5998419 0.7102671
0.5954671 0.7111345
0.5909969 0.7118719
0.5865592 0.7125656
0.5821412 0.7131370
0.5777546 0.7136810
0.5732993 0.7140764
0.5688773 0.7144489
0.5644881 0.7146934
0.5601309 0.7149219
0.5557321 0.7149955
0.5513668 0.7150541
0.5470470 0.7149892
0.5427592 0.7149124
0.5384568 0.7146815
0.5341873 0.7144393
0.5299751 0.7140808
0.5257941 0.7137127
0.5216249 0.7131944
0.5174871 0.7126670
0.5134181 0.7120316
0.5093780 0.7113883
0.5053752 0.7106005
0.5014012 0.7098049
0.4975069 0.7089108
0.4936382 0.7080098
0.4898311 0.7069715
0.4860481 0.7059265
0.4823565 0.7047926
0.4786844 0.7036530
0.4750978 0.7023834
0.4715272 0.7011086
0.4680638 0.6997551
0.4646074 0.6983991
0.4579202 0.6954349
0.4514789 0.6923340
0.4452911 0.6889960
0.4393514 0.6855486
0.4336843 0.6818870
0.4282592 0.6781375
0.4231242 0.6742032
0.4182196 0.6701990
0.4136192 0.6660437
0.4092344 0.6618334
0.4051641 0.6575089
0.4012919 0.6531422
0.3977402 0.6486996
0.3943684 0.6442267
0.3913202 0.6397153
0.3884300 0.6351862
0.3858657 0.6306518
0.3834343 0.6261171
0.3813279 0.6216079
0.3793319 0.6171111
0.3776537 0.6126745
0.3760679 0.6082540
0.3747883 0.6039316
0.3735833 0.5996245
0.3726738 0.5954532
0.3718158 0.5912936
0.3712489 0.5873039
0.3707013 0.5833236
0.3704356 0.5795438
0.3701749 0.5757681
0.3701714 0.5686713
0.3706264 0.5620689
0.3714773 0.5559878
0.3726636 0.5504471
0.3741274 0.5454582
0.3758146 0.5410262
0.3776748 0.5371502
0.3796615 0.5338243
0.3817332 0.5310385
0.3838527 0.5287795
0.3859880 0.5270313
0.3881116 0.5257760
0.3902014 0.5249947
0.3922396 0.5246674
0.3942137 0.5247740
0.3961152 0.5252947
0.3979405 0.5262098
0.3996898 0.5275006
0.4013674 0.5291488
0.4029811 0.5311374
0.4045425 0.5334498
0.4060659 0.5360705
0.4075690 0.5389846
0.4090720 0.5421776
0.4105974 0.5456353
0.4121702 0.5493437
0.4138172 0.5532884
0.4155671 0.5574544
0.4174499 0.5618259
0.4194970 0.5663860
0.4217406 0.5711161
0.4242138 0.5759960
0.4269499 0.5810031
0.4299823 0.5861129
0.4333439 0.5912980
0.4370669 0.5965283
0.4411824 0.6017711
0.4457194 0.6069905
0.4507050 0.6121482
0.4534298 0.6146768
0.4561632 0.6172026
0.4591238 0.6196596
0.4621143 0.6221097
0.4653241 0.6244708
0.4685748 0.6268231
0.4720405 0.6290651
0.4755560 0.6312941
0.4792794 0.6333953
0.4830638 0.6354723
0.4870429 0.6374087
0.4910979 0.6393055
0.4953319 0.6410480
0.4996510 0.6427408
0.5041342 0.6442619
0.5087083 0.6457242
0.5134304 0.6469975
0.5182473 0.6482017
0.5231942 0.6492007
0.5282372 0.6501195
0.5333904 0.6508189
0.5386385 0.6514244
0.5439763 0.6517997
0.5494038 0.6520645
0.5548997 0.6520921
0.5604770 0.6519896
0.5660999 0.6516444
0.5717948 0.6511514
0.5775098 0.6504100
0.5832869 0.6495044
0.5890564 0.6483451
0.5948768 0.6470066
0.6006609 0.6454101
0.6064836 0.6436195
0.6122405 0.6415684
0.6180227 0.6393092
0.6237097 0.6367887
0.6294075 0.6340471
0.6349813 0.6310459
0.6405508 0.6278104
0.6459688 0.6243199
0.6513665 0.6205834
0.6565867 0.6165989
0.6617704 0.6123577
0.6667527 0.6078787
0.6716820 0.6031341
0.6763884 0.5981648
0.6810251 0.5929228
0.6854204 0.5874722
0.6897286 0.5817446
0.6937800 0.5758275
0.6977275 0.5696318
0.7014053 0.5632687
0.7031865 0.5599578
0.7049625 0.5566289
0.7066040 0.5532461
0.7082406 0.5498460
0.7098140 0.5463322
0.7113808 0.5427929
0.7128110 0.5392201
0.7142350 0.5356235
0.7155889 0.5319232
0.7169355 0.5281935
0.7181440 0.5244485
0.7193456 0.5206761
0.7204695 0.5168101
0.7215856 0.5129129
0.7225634 0.5090171
0.7235337 0.5050921
0.7244189 0.5010846
0.7252958 0.4970448
0.7260351 0.4930222
0.7267666 0.4889701
0.7274056 0.4848479
0.7280356 0.4806934
0.7285295 0.4765719
0.7290150 0.4724211
0.7294020 0.4682120
0.7297794 0.4639716
0.7300225 0.4597796
0.7302565 0.4555593
0.7303863 0.4512939
0.7305056 0.4469987
0.7304932 0.4427668
0.7304708 0.4385082
0.7303395 0.4342170
0.7301966 0.4298982
0.7299250 0.4256570
0.7296424 0.4213911
0.7292467 0.4171054
0.7288380 0.4127946
0.7283044 0.4085747
0.7277585 0.4043326
0.7270960 0.4000831
0.7264188 0.3958111
0.7256212 0.3916424
0.7248096 0.3874539
0.7238788 0.3832702
0.7229309 0.3790668
0.7218681 0.3749778
0.7207890 0.3708717
0.7195899 0.3667812
0.7183693 0.3626739
0.7170414 0.3586909
0.7156935 0.3546936
0.7142282 0.3507214
0.7127321 0.3467360
0.7111422 0.3428826
0.7095228 0.3390182
0.7077937 0.3351866
0.7060209 0.3313465
0.7041722 0.3276431
0.7022802 0.3239332
0.7002860 0.3202628
0.6982410 0.3165874
0.6961323 0.3130528
0.6939733 0.3095147
0.6917159 0.3060228
0.6894021 0.3025287
0.6870356 0.2991782
0.6846140 0.2958269
0.6820965 0.2925275
0.6795187 0.2892284
0.6768986 0.2860745
0.6742196 0.2829218
0.6714472 0.2798262
0.6686112 0.2767328
0.6657433 0.2737850
0.6628134 0.2708402
0.6597931 0.2679568
0.6567061 0.2650772
0.6535984 0.2623428
0.6504258 0.2596127
0.6471660 0.2569472
0.6438373 0.2542869
0.6404991 0.2517701
0.6370941 0.2492590
0.6336057 0.2468153
0.6300465 0.2443780
0.6264898 0.2420818
0.6228646 0.2397921
0.6191602 0.2375719
0.6153842 0.2353590
