x y
0.2896232 0.2941638
0.2871397 0.2955715
0.2846691 0.2969561
0.2822018 0.2984252
0.2797462 0.2998711
0.2773543 0.3013903
0.2749741 0.3028849
0.2726003 0.3044661
0.2702370 0.3060225
0.2679395 0.3076511
0.2656526 0.3092529
0.2633744 0.3109437
0.2611058 0.3126074
0.2589047 0.3143421
0.2567128 0.3160484
0.2545322 0.3178455
0.2523598 0.3196137
0.2502562 0.3214519
0.2481607 0.3232592
0.2460786 0.3251597
0.2440034 0.3270288
0.2419980 0.3289669
0.2399993 0.3308717
0.2380162 0.3328726
0.2360387 0.3348388
0.2341317 0.3368736
0.2322300 0.3388719
0.2303459 0.3409690
0.2284658 0.3430286
0.2266568 0.3451563
0.2248516 0.3472441
0.2230658 0.3494335
0.2212826 0.3515821
0.2195708 0.3537983
0.2178613 0.3559712
0.2161728 0.3582487
0.2144853 0.3604817
0.2128696 0.3627819
0.2112544 0.3650353
0.2096621 0.3673961
0.2080689 0.3697087
0.2065478 0.3720885
0.2050255 0.3744173
0.2035275 0.3768564
0.2020269 0.3792431
0.2005985 0.3816971
0.1991671 0.3840959
0.1977616 0.3866082
0.1963517 0.3890636
0.1950140 0.3915865
0.1936714 0.3940494
0.1923563 0.3966294
0.1910348 0.3991475
0.1897856 0.4017333
0.1885294 0.4042546
0.1873025 0.4068961
0.1860670 0.4094709
0.1849040 0.4121135
0.1837317 0.4146869
0.1825905 0.4173835
0.1814385 0.4200088
0.1803591 0.4227021
0.1792683 0.4253208
0.1782101 0.4280660
0.1771388 0.4307347
0.1761404 0.4334719
0.1751282 0.4361292
0.1741504 0.4389166
0.1731572 0.4416217
0.1722371 0.4443959
0.1713008 0.4470848
0.1704007 0.4499069
0.1694825 0.4526414
0.1686379 0.4554455
0.1677745 0.4581586
0.1669493 0.4610084
0.1661034 0.4637650
0.1653315 0.4665917
0.1645382 0.4693219
0.1637849 0.4721920
0.1630082 0.4749630
0.1623062 0.4778051
0.1615799 0.4805449
0.1608958 0.4834277
0.1601854 0.4862058
0.1588881 0.4917976
0.1576229 0.4974632
0.1564507 0.5030500
0.1553090 0.5087054
0.1542558 0.5142724
0.1532316 0.5199028
0.1522915 0.5254354
0.1513788 0.5310261
0.1505458 0.5365100
0.1497384 0.5420469
0.1490066 0.5474684
0.1482986 0.5529377
0.1476617 0.5582832
0.1470471 0.5636718
0.1464994 0.5689289
0.1459721 0.5742241
0.1455074 0.5793807
0.1450613 0.5845707
0.1446736 0.5896154
0.1443027 0.5946892
0.1439860 0.5996114
0.1436844 0.6045587
0.1434328 0.6093490
0.1431943 0.6141602
0.1430018 0.6188095
0.1428204 0.6234760
0.1426810 0.6279764
0.1425508 0.6324905
0.1424585 0.6368346
0.1423737 0.6411893
0.1423227 0.6453708
0.1422772 0.6495598
0.1422617 0.6535731
0.1422497 0.6575911
0.1422639 0.6614313
0.1422796 0.6652735
0.1423178 0.6689363
0.1423556 0.6725988
0.1424122 0.6760807
0.1424665 0.6795598
0.1425361 0.6828578
0.1426013 0.6861506
0.1426786 0.6892622
0.1427494 0.6923664
0.1428293 0.6952896
0.1429004 0.6982029
0.1429778 0.7009359
0.1430444 0.7036567
0.1431148 0.7061983
0.1431718 0.7087250
0.1432309 0.7110745
0.1432735 0.7134054
0.1433175 0.7155622
0.1433410 0.7176957
0.1433662 0.7215940
0.1433419 0.7250985
0.1432614 0.7282071
0.1431186 0.7309177
0.1429086 0.7332280
0.1426268 0.7351351
0.1422699 0.7366360
0.1418353 0.7377268
0.1413213 0.7384033
0.1407273 0.7386606
0.1400537 0.7384929
0.1393016 0.7378941
0.1384735 0.7368570
0.1375727 0.7353738
0.1366036 0.7334360
0.1355715 0.7310345
0.1344829 0.7281593
0.1333449 0.7248002
0.1321659 0.7209461
0.1309551 0.7165860
0.1297226 0.7117085
0.1291053 0.7090181
0.1284792 0.7063021
0.1278608 0.7033375
0.1272368 0.7003558
0.1266239 0.6971124
0.1260078 0.6938591
0.1254071 0.6903319
0.1248055 0.6868021
0.1242239 0.6829869
0.1236438 0.6791762
0.1230887 0.6750695
0.1225374 0.6709746
0.1220164 0.6665736
0.1215015 0.6621922
0.1210225 0.6574953
0.1205521 0.6528265
0.1201232 0.6478338
0.1197056 0.6428779
0.1193355 0.6375915
0.1189790 0.6323506
0.1186764 0.6267738
0.1183900 0.6212524
0.1181641 0.6153915
0.1179567 0.6095957
0.1178168 0.6034591
0.1176977 0.5973980
0.1176797 0.5942120
0.1176534 0.5909968
0.1176323 0.5846820
0.1176656 0.5813660
0.1176937 0.5780302
0.1177416 0.5747703
0.1177804 0.5714761
0.1178705 0.5680397
0.1179575 0.5645905
0.1180624 0.5612129
0.1181621 0.5578145
0.1183147 0.5542684
0.1184655 0.5507150
0.1186336 0.5472328
0.1187986 0.5437373
0.1190189 0.5400929
0.1192389 0.5364468
0.1194758 0.5328719
0.1197111 0.5292904
0.1200050 0.5255609
0.1202996 0.5218345
0.1206109 0.5181806
0.1209220 0.5145254
0.1212951 0.5107248
0.1216699 0.5069322
0.1220614 0.5032134
0.1224538 0.4994986
0.1229119 0.4956424
0.1233727 0.4917987
0.1238503 0.4880303
0.1243298 0.4842709
0.1248790 0.4803752
0.1254317 0.4764968
0.1260015 0.4726951
0.1265739 0.4689070
0.1272203 0.4649890
0.1278711 0.4610924
0.1285391 0.4572744
0.1292107 0.4534741
0.1299606 0.4495513
0.1307157 0.4456537
0.1314882 0.4418367
0.1322650 0.4380410
0.1331248 0.4341312
0.1339903 0.4302502
0.1348739 0.4264513
0.1357624 0.4226772
0.1367385 0.4187978
0.1377211 0.4149509
0.1387222 0.4111872
0.1397288 0.4074518
0.1408278 0.4036203
0.1419339 0.3998242
0.1430591 0.3961130
0.1441903 0.3924321
0.1454189 0.3886655
0.1466550 0.3849362
0.1479109 0.3812934
0.1491732 0.3776828
0.1505379 0.3739969
0.1519106 0.3703501
0.1533039 0.3667907
0.1547038 0.3632653
0.1562113 0.3596752
0.1577269 0.3561252
0.1592641 0.3526640
0.1608081 0.3492369
0.1624646 0.3457562
0.1641295 0.3423164
0.1658173 0.3389664
0.1675114 0.3356501
0.1693235 0.3322913
0.1711438 0.3289734
0.1729883 0.3257475
0.1748382 0.3225524
0.1768117 0.3193273
0.1787927 0.3161416
0.1808022 0.3130657
0.1828114 0.3099861
0.1849522 0.3069050
0.1870992 0.3038602
0.1892757 0.3009278
0.1914523 0.2979883
0.1937672 0.2950694
0.1960829 0.2921639
0.1984310 0.2893804
0.2007794 0.2865910
0.2032703 0.2838343
0.2057610 0.2810821
0.2082845 0.2784538
0.2108085 0.2758213
0.2134780 0.2732289
0.2161471 0.2706397
0.2188489 0.2681720
0.2215511 0.2657020
0.2244013 0.2632777
0.2272508 0.2608573
0.2301326 0.2585545
0.2330144 0.2562516
0.2360462 0.2539990
0.2390766 0.2517517
0.2421387 0.2496174
0.2452001 0.2474852
0.2484127 0.2454075
0.2516229 0.2433361
0.2548641 0.2413735
0.2581034 0.2394148
0.2614944 0.2375144
0.2648816 0.2356213
0.2682988 0.2338327
0.2717126 0.2320496
0.2752775 0.2303285
0.2788371 0.2286153
0.2824251 0.2270027
0.2860079 0.2253968
0.2897406 0.2238562
0.2934658 0.2223246
0.2972169 0.2208897
0.3009609 0.2194621
0.3048522 0.2181033
0.3087338 0.2167539
0.3126389 0.2154976
0.3165341 0.2142497
0.3205734 0.2130733
0.3245998 0.2119072
0.3286466 0.2108305
0.3326805 0.2097628
0.3368539 0.2087699
0.3410116 0.2077873
0.3451854 0.2068912
0.3493435 0.2060044
0.3536348 0.2051953
0.3579072 0.2043967
0.3621915 0.2036820
0.3664570 0.2029767
0.3708482 0.2023521
0.3752171 0.2017379
0.3795931 0.2012050
0.3839462 0.2006819
0.3884170 0.2002423
0.3928620 0.1998130
0.3973084 0.1994628
0.4017284 0.1991224
0.4062567 0.1988681
0.4107556 0.1986243
0.4152499 0.1984574
0.4197142 0.1983002
0.4242765 0.1982319
0.4288057 0.1981739
0.4333237 0.1981910
0.4378090 0.1982177
0.4423808 0.1983357
0.4469159 0.1984640
0.4514334 0.1986657
0.4559148 0.1988769
0.4604707 0.1991819
0.4649872 0.1994968
0.4694794 0.1998837
0.4739322 0.2002801
0.4784470 0.2007723
0.4829202 0.2012743
0.4873619 0.2018468
0.4917621 0.2024287
0.4962119 0.2031085
0.5006173 0.2037980
0.5049842 0.2045564
0.5093079 0.2053239
0.5136684 0.2061912
0.5179828 0.2070682
0.5222523 0.2080125
0.5264771 0.2089659
0.5307257 0.2100207
0.5349280 0.2110849
0.5390779 0.2122147
0.5431831 0.2133535
0.5472996 0.2145950
0.5513690 0.2158460
0.5553801 0.2171605
0.5593459 0.2184839
0.5633112 0.2199110
0.5672299 0.2213475
0.5710837 0.2228453
0.5748938 0.2243519
0.5786908 0.2259629
0.5824430 0.2275831
0.5861245 0.2292621
0.5897633 0.2309497
0.5933779 0.2327424
0.5969499 0.2345439
0.6004447 0.2364010
0.6039000 0.2382664
0.6073194 0.2402370
0.6106995 0.2422159
0.6139964 0.2442477
0.6172580 0.2462868
0.6204717 0.2484314
0.6236513 0.2505833
0.6267393 0.2527847
0.6298002 0.2549918
0.6327986 0.2573056
0.6357720 0.2596245
0.6386382 0.2619902
0.6414976 0.2643569
0.6442692 0.2668341
0.6470361 0.2693118
0.6496806 0.2718323
0.6523286 0.2743527
0.6548758 0.2769827
0.6574255 0.2796127
0.6598493 0.2822779
0.6622787 0.2849435
0.6646015 0.2877157
0.6669289 0.2904884
0.6691310 0.2932874
0.6713396 0.2960879
0.6734377 0.2989908
0.6755408 0.3018950
0.6775213 0.3048154
0.6795085 0.3077382
0.6813820 0.3107575
0.6832607 0.3137789
0.6850211 0.3168081
0.6867875 0.3198404
0.6884377 0.3229614
0.6900934 0.3260856
0.6916352 0.3292081
0.6931833 0.3323349
0.6946129 0.3355410
0.6960475 0.3387509
0.6973736 0.3419509
0.6987060 0.3451564
0.6999180 0.3484297
0.7011353 0.3517079
0.7022493 0.3549683
0.7033694 0.3582350
0.7043680 0.3615565
0.7053722 0.3648842
0.7062779 0.3681864
0.7071904 0.3714968
0.7079803 0.3748469
0.7087766 0.3782050
0.7094787 0.3815299
0.7101886 0.3848649
0.7107748 0.3882236
0.7113690 0.3915927
0.7118725 0.3949201
0.7123860 0.3982611
0.7127743 0.4016074
0.7131735 0.4049683
0.7134830 0.4082774
0.7138075 0.4116063
0.7140024 0.4149183
0.7142154 0.4182535
0.7143306 0.4215179
0.7144801 0.4248227
0.7144828 0.4280746
0.7145236 0.4313715
0.7144578 0.4345776
0.7144333 0.4378346
0.7142606 0.4410157
0.7141282 0.4442480
0.7138940 0.4473824
0.7136989 0.4505697
0.7133618 0.4536650
0.7130624 0.4568133
0.7126690 0.4598599
0.7123109 0.4629602
0.7118192 0.4659543
0.7113611 0.4690020
0.7108180 0.4719458
0.7103060 0.4749440
0.7096693 0.4778225
0.7090619 0.4807552
0.7083788 0.4835823
0.7077229 0.4864652
0.7069511 0.4892145
0.7062050 0.4920209
0.7053918 0.4947176
0.7046027 0.4974748
0.7037051 0.5000816
0.7028312 0.5027530
0.7018978 0.5053044
0.7009885 0.5079308
0.6989851 0.5129138
0.6969257 0.5177990
0.6947146 0.5224724
0.6924613 0.5270524
0.6900693 0.5314056
0.6876439 0.5356710
0.6850970 0.5396967
0.6825233 0.5436422
0.6798480 0.5473368
0.6771502 0.5509595
0.6743724 0.5543219
0.6715757 0.5576227
0.6687213 0.5606553
0.6658510 0.5636372
0.6629446 0.5663421
0.6600266 0.5690133
0.6570912 0.5713947
0.6541521 0.5737656
0.6512131 0.5758356
0.6482757 0.5779128
0.6453592 0.5796866
0.6424434 0.5814768
0.6395725 0.5829664
0.6366992 0.5844822
0.6338948 0.5856965
0.6310839 0.5869560
0.6283640 0.5879022
0.6256354 0.5889269
0.6230185 0.5896322
0.6203883 0.5904246
0.6153735 0.5914799
0.6106181 0.5921241
0.6061457 0.5923881
0.6019760 0.5923028
0.5981248 0.5918982
0.5946048 0.5912035
0.5914248 0.5902464
0.5885908 0.5890532
0.5861054 0.5876485
0.5839687 0.5860549
0.5821784 0.5842930
0.5807296 0.5823813
0.5796158 0.5803359
0.5788284 0.5781706
0.5783574 0.5758970
0.5781916 0.5735242
0.5783185 0.5710593
0.5787245 0.5685068
0.5793954 0.5658693
0.5803163 0.5631473
0.5814713 0.5603394
0.5828442 0.5574421
0.5844184 0.5544507
0.5861765 0.5513587
0.5881008 0.5481584
0.5901732 0.5448409
0.5923750 0.5413964
0.5946870 0.5378144
0.5970895 0.5340837
0.5995624 0.5301931
0.6020848 0.5261310
0.6046354 0.5218861
0.6071921 0.5174474
0.6097324 0.5128047
0.6122330 0.5079484
0.6146703 0.5028701
0.6170197 0.4975628
0.6192565 0.4920212
0.6213552 0.4862414
0.6223036 0.4832035
0.6232902 0.4802221
0.6241475 0.4770734
0.6250354 0.4739637
0.6257846 0.4707006
0.6265645 0.4674694
0.6271927 0.4640937
0.6278512 0.4607448
0.6283495 0.4572621
0.6288692 0.4537983
0.6292274 0.4502164
0.6295922 0.4466411
0.6297934 0.4429642
0.6299945 0.4392873
0.6300246 0.4355224
0.6300508 0.4317537
0.6298974 0.4279104
0.6297362 0.4240601
0.6293875 0.4201488
0.6290270 0.4162290
0.6284728 0.4122618
0.6279001 0.4082855
0.6271309 0.4042754
0.6263340 0.4002570
0.6253417 0.3962184
0.6243082 0.3921731
0.6230824 0.3881216
0.6218040 0.3840653
0.6203353 0.3800175
0.6188045 0.3759665
0.6170844 0.3719392
0.6152948 0.3679109
0.6133168 0.3639214
0.6112620 0.3599334
0.6090204 0.3559991
0.6066960 0.3520692
0.6041864 0.3482075
0.6015890 0.3443535
0.5988095 0.3405818
0.5959364 0.3368212
0.5928855 0.3331563
0.5897365 0.3295063
0.5864147 0.3259646
0.5829909 0.3224417
0.5794006 0.3190389
0.5757047 0.3156588
0.5718501 0.3124097
0.5678868 0.3091875
0.5637740 0.3061056
0.5595497 0.3030557
0.5551862 0.3001540
0.5507098 0.2972891
0.5461054 0.2945794
0.5437119 0.2932506
0.5413876 0.2919114
0.5389364 0.2906634
0.5365539 0.2894039
0.5340505 0.2881802
0.5316072 0.2869439
0.5290521 0.2858031
0.5265577 0.2846485
0.5239489 0.2835349
0.5213968 0.2824058
0.5187431 0.2813764
0.5161468 0.2803303
0.5134398 0.2793314
0.5107883 0.2783137
0.5080434 0.2773997
0.5053549 0.2764655
0.5025582 0.2755851
0.4998168 0.2746823
0.4969893 0.2738866
0.4942186 0.2730671
0.4913418 0.2723086
0.4885210 0.2715241
0.4856208 0.2708499
0.4827781 0.2701481
0.4798314 0.2695137
0.4769420 0.2688493
0.4739795 0.2682986
0.4710758 0.2677163
0.4680703 0.2672083
0.4651234 0.2666663
0.4621099 0.2662412
0.4591564 0.2657804
0.4561038 0.2654001
0.4531109 0.2649818
0.4500579 0.2646836
0.4470661 0.2643455
0.4439782 0.2640942
0.4409511 0.2638007
0.4378706 0.2636302
0.4348521 0.2634157
0.4317413 0.2632939
0.4286915 0.2631264
0.4255957 0.2630839
0.4225621 0.2629938
0.4194408 0.2630016
0.4163799 0.2629608
0.4132810 0.2630464
0.4102435 0.2630815
0.4071250 0.2632174
0.4040632 0.2633045
0.4009739 0.2635171
0.3979430 0.2636783
0.3948421 0.2639385
0.3917876 0.2641570
0.3887229 0.2644920
0.3857058 0.2647831
0.3826357 0.2651641
0.3795975 0.2655167
0.3765705 0.2659699
0.3735753 0.2663940
0.3705425 0.2668991
0.3675352 0.2673811
0.3645511 0.2679563
0.3615927 0.2685078
0.3586059 0.2691372
0.3556404 0.2697466
0.3527073 0.2704443
0.3497963 0.2711206
0.3468635 0.2718743
0.3439500 0.2726088
0.3410757 0.2734286
0.3382214 0.2742276
0.3353507 0.2751047
0.3324977 0.2759627
0.3296897 0.2769033
0.3269000 0.2778234
0.3240988 0.2788223
0.3213138 0.2798022
0.3185791 0.2808622
0.3158608 0.2819018
0.3131355 0.2830211
0.3104252 0.2841207
0.3077693 0.2852985
0.3051287 0.2864552
0.3024850 0.2876931
0.2998550 0.2889107
0.2972833 0.2902043
0.2947255 0.2914763
0.2921680 0.2928309
0.2896232 0.2941638
