x y
0.6499999 0.7500003
0.6500898 0.7508410
0.6500212 0.7518048
0.6500693 0.7526808
0.6499548 0.7536814
0.6500241 0.7545220
0.6499303 0.7554862
0.6499586 0.7563606
0.6498193 0.7573603
0.6498692 0.7581996
0.6497502 0.7591635
0.6497588 0.7600359
0.6495936 0.7610348
0.6496237 0.7618725
0.6494799 0.7628352
0.6494683 0.7637054
0.6492777 0.7647027
0.6492886 0.7655379
0.6491196 0.7664992
0.6490885 0.7673664
0.6488720 0.7683617
0.6488633 0.7691944
0.6486684 0.7701540
0.6486189 0.7710170
0.6483765 0.7720096
0.6483493 0.7728387
0.6481287 0.7737960
0.6480600 0.7746549
0.6477917 0.7756443
0.6477460 0.7764693
0.6474998 0.7774236
0.6474124 0.7782778
0.6471179 0.7792635
0.6470539 0.7800840
0.6467820 0.7810346
0.6466761 0.7818837
0.6463554 0.7828652
0.6462732 0.7836807
0.6459758 0.7846270
0.6458515 0.7854704
0.6455048 0.7864470
0.6454054 0.7872566
0.6450827 0.7881979
0.6449401 0.7890353
0.6445666 0.7900069
0.6444496 0.7908104
0.6441011 0.7917465
0.6439408 0.7925771
0.6435412 0.7935426
0.6434071 0.7943396
0.6430328 0.7952699
0.6428553 0.7960932
0.6424294 0.7970522
0.6422782 0.7978422
0.6418783 0.7987660
0.6416837 0.7995816
0.6412318 0.8005334
0.6410636 0.8013162
0.6406383 0.8022328
0.6404267 0.8030404
0.6399491 0.8039842
0.6397651 0.8047587
0.6393145 0.8056675
0.6390858 0.8064668
0.6385821 0.8074024
0.6383817 0.8081687
0.6379059 0.8090693
0.6376612 0.8098594
0.6371317 0.8107861
0.6369158 0.8115434
0.6364151 0.8124350
0.6361539 0.8132159
0.6355986 0.8141332
0.6353671 0.8148813
0.6348411 0.8157636
0.6345642 0.8165346
0.6339839 0.8174416
0.6337373 0.8181800
0.6331869 0.8190521
0.6328944 0.8198129
0.6322884 0.8207094
0.6320270 0.8214376
0.6314524 0.8222990
0.6311443 0.8230493
0.6305133 0.8239346
0.6296386 0.8255024
0.6286595 0.8271153
0.6277467 0.8286604
0.6267283 0.8302496
0.6257777 0.8317710
0.6247207 0.8333354
0.6237329 0.8348324
0.6226379 0.8363711
0.6216135 0.8378428
0.6204814 0.8393548
0.6194217 0.8407998
0.6182522 0.8422847
0.6171568 0.8437026
0.6159518 0.8451589
0.6148222 0.8465487
0.6135816 0.8479758
0.6124183 0.8493366
0.6111429 0.8507338
0.6099464 0.8520648
0.6074082 0.8547316
0.6048059 0.8573350
0.6021402 0.8598739
0.5994128 0.8623466
0.5966252 0.8647518
0.5937798 0.8670877
0.5908777 0.8693531
0.5879211 0.8715465
0.5849112 0.8736669
0.5818504 0.8757126
0.5787404 0.8776826
0.5755831 0.8795757
0.5723809 0.8813906
0.5691348 0.8831264
0.5658479 0.8847819
0.5625232 0.8863559
0.5591626 0.8878475
0.5574027 0.8885819
0.5539844 0.8899489
0.5505337 0.8912316
0.5470524 0.8924292
0.5435429 0.8935410
0.5400071 0.8945664
0.5364472 0.8955047
0.5328653 0.8963553
0.5292637 0.8971178
0.5256444 0.8977916
0.5220097 0.8983765
0.5183618 0.8988719
0.5147027 0.8992777
0.5110348 0.8995935
0.5073603 0.8998193
0.5036813 0.8999548
0.5000002 0.9000000
0.4963190 0.8999548
0.4926400 0.8998193
0.4889655 0.8995935
0.4852976 0.8992777
0.4816386 0.8988719
0.4779906 0.8983765
0.4762365 0.8980792
0.4743559 0.8977916
0.4726119 0.8974492
0.4707366 0.8971178
0.4690038 0.8967303
0.4671350 0.8963553
0.4654142 0.8959231
0.4635531 0.8955047
0.4618452 0.8950281
0.4599933 0.8945664
0.4582984 0.8940458
0.4564575 0.8935410
0.4547761 0.8929768
0.4529479 0.8924292
0.4512805 0.8918218
0.4494667 0.8912316
0.4478148 0.8905813
0.4460159 0.8899489
0.4443789 0.8892563
0.4425977 0.8885819
0.4409773 0.8878474
0.4392140 0.8871314
0.4376107 0.8863555
0.4358669 0.8855984
0.4351462 0.8851878
0.4325585 0.8839836
0.4318399 0.8835530
0.4309915 0.8831265
0.4302217 0.8827057
0.4292907 0.8822882
0.4285778 0.8818377
0.4269731 0.8809505
0.4260655 0.8805130
0.4253603 0.8800430
0.4237754 0.8791166
0.4228848 0.8786593
0.4221883 0.8781700
0.4206253 0.8772048
0.4197506 0.8767280
0.4190638 0.8762199
0.4175245 0.8752165
0.4166647 0.8747204
0.4159888 0.8741937
0.4144741 0.8731527
0.4136290 0.8726377
0.4129642 0.8720927
0.4114749 0.8710148
0.4106453 0.8704811
0.4099921 0.8699182
0.4085299 0.8688040
0.4077155 0.8682519
0.4070747 0.8676715
0.4063295 0.8670933
0.4056404 0.8665217
0.4048412 0.8659515
0.4042142 0.8653539
0.4034828 0.8647581
0.4028088 0.8641692
0.4020243 0.8635813
0.4014107 0.8629668
0.4006932 0.8623539
0.4000350 0.8617480
0.3992664 0.8611426
0.3986669 0.8605117
0.3979643 0.8598820
0.3973217 0.8592594
0.3965692 0.8586370
0.3959848 0.8579901
0.3952969 0.8573439
0.3946720 0.8567051
0.3939342 0.8560660
0.3933662 0.8554035
0.3926924 0.8547411
0.3920856 0.8540866
0.3913632 0.8534311
0.3908116 0.8527534
0.3901525 0.8520753
0.3895641 0.8514054
0.3888576 0.8507338
0.3883239 0.8500415
0.3876788 0.8493480
0.3871113 0.8486633
0.3864189 0.8479759
0.3859034 0.8472694
0.3852727 0.8465609
0.3847278 0.8458618
0.3840487 0.8451590
0.3835533 0.8444387
0.3829366 0.8437155
0.3824185 0.8430029
0.3817483 0.8422847
0.3812754 0.8415514
0.3806701 0.8408138
0.3802359 0.8400927
0.3795192 0.8393549
0.3790727 0.8386092
0.3784765 0.8378573
0.3780697 0.8371243
0.3773626 0.8363712
0.3769823 0.8356171
0.3763560 0.8348479
0.3759690 0.8341027
0.3752799 0.8333355
0.3749361 0.8325715
0.3743100 0.8317874
0.3739411 0.8310303
0.3732723 0.8302496
0.3729504 0.8294749
0.3723397 0.8286776
0.3719887 0.8279090
0.3713410 0.8271154
0.3710376 0.8263300
0.3704463 0.8255205
0.3701117 0.8247406
0.3694873 0.8239347
0.3692007 0.8231389
0.3686310 0.8223178
0.3683127 0.8215271
0.3677121 0.8207095
0.3674423 0.8199038
0.3668948 0.8190716
0.3665929 0.8182704
0.3660166 0.8174417
0.3657634 0.8166265
0.3652388 0.8157838
0.3649532 0.8149726
0.3644019 0.8141333
0.3641651 0.8133089
0.3636640 0.8124564
0.3633947 0.8116356
0.3628688 0.8107862
0.3626479 0.8099531
0.3621722 0.8090913
0.3619199 0.8082616
0.3614183 0.8074025
0.3612139 0.8065612
0.3607626 0.8056907
0.3605268 0.8048522
0.3600513 0.8039843
0.3598630 0.8031350
0.3594377 0.8022565
0.3592182 0.8014098
0.3587686 0.8005335
0.3585974 0.7996770
0.3581976 0.7987909
0.3579953 0.7979365
0.3575710 0.7970523
0.3574166 0.7961890
0.3570420 0.7952958
0.3568575 0.7944343
0.3564591 0.7935427
0.3563222 0.7926731
0.3559734 0.7917734
0.3558057 0.7909051
0.3554337 0.7900069
0.3553144 0.7891315
0.3549916 0.7882260
0.3548417 0.7873515
0.3544954 0.7864470
0.3543939 0.7855663
0.3540972 0.7846555
0.3539652 0.7837753
0.3536448 0.7828652
0.3535612 0.7819796
0.3532907 0.7810641
0.3531775 0.7801789
0.3528823 0.7792636
0.3528170 0.7783737
0.3525726 0.7774540
0.3524777 0.7765642
0.3522084 0.7756443
0.3521622 0.7747509
0.3519434 0.7738274
0.3518670 0.7729334
0.3516235 0.7720096
0.3515967 0.7711131
0.3514033 0.7701864
0.3513464 0.7692891
0.3511280 0.7683616
0.3511207 0.7674625
0.3509539 0.7665334
0.3509161 0.7656331
0.3507222 0.7647026
0.3507347 0.7638015
0.3505931 0.7628703
0.3505753 0.7619677
0.3504063 0.7610347
0.3504401 0.7601325
0.3503236 0.7591996
0.3503260 0.7582955
0.3501805 0.7573602
0.3502352 0.7564572
0.3501442 0.7555233
0.3501664 0.7546180
0.3500450 0.7536812
0.3501216 0.7527783
0.3500552 0.7518438
0.3500991 0.7509383
0.3499997 0.7500000
0.3500995 0.7490981
0.3500566 0.7481631
0.3501215 0.7472579
0.3500448 0.7463188
0.3501688 0.7454186
0.3501496 0.7444837
0.3502373 0.7435799
0.3501803 0.7426399
0.3503293 0.7417423
0.3503316 0.7408075
0.3504444 0.7399062
0.3504060 0.7389653
0.3505838 0.7380720
0.3506053 0.7371370
0.3507485 0.7362407
0.3507218 0.7352974
0.3509356 0.7344111
0.3509705 0.7334744
0.3511635 0.7325902
0.3511275 0.7316384
0.3513955 0.7307656
0.3514255 0.7298219
0.3516510 0.7289448
0.3516228 0.7279904
0.3519231 0.7271247
0.3519700 0.7261815
0.3522150 0.7253078
0.3522076 0.7243557
0.3525314 0.7234949
0.3526034 0.7225554
0.3528657 0.7216850
0.3528814 0.7207364
0.3532263 0.7198801
0.3533269 0.7189461
0.3536043 0.7180787
0.3536437 0.7171348
0.3540072 0.7162829
0.3541351 0.7153550
0.3544284 0.7144911
0.3544943 0.7135529
0.3548763 0.7127061
0.3550322 0.7117850
0.3553413 0.7109252
0.3554325 0.7099930
0.3558314 0.7091512
0.3560146 0.7082377
0.3563406 0.7073827
0.3564577 0.7064572
0.3568738 0.7056213
0.3570835 0.7047156
0.3574261 0.7038657
0.3575695 0.7029477
0.3580020 0.7021181
0.3582368 0.7012204
0.3585983 0.7003771
0.3587670 0.6994665
0.3592169 0.6986441
0.3594754 0.6977546
0.3598563 0.6969185
0.3600496 0.6960157
0.3605185 0.6952019
0.3607998 0.6943207
0.3612016 0.6934931
0.3614165 0.6925974
0.3619063 0.6917935
0.3622067 0.6909200
0.3626350 0.6901036
0.3628669 0.6892137
0.3633853 0.6884236
0.3636978 0.6875552
0.3641758 0.6867605
0.3643998 0.6858667
0.3649686 0.6850997
0.3652700 0.6842278
0.3657804 0.6834476
0.3660145 0.6825582
0.3666068 0.6818037
0.3669245 0.6809404
0.3674519 0.6801690
0.3677098 0.6792904
0.3683175 0.6785455
0.3686593 0.6776946
0.3692009 0.6769314
0.3694849 0.6760652
0.3701062 0.6753297
0.3704746 0.6744928
0.3710291 0.6737379
0.3713385 0.6728845
0.3719740 0.6721592
0.3723694 0.6713370
0.3729365 0.6705910
0.3732697 0.6697503
0.3739209 0.6690364
0.3743416 0.6682285
0.3749236 0.6674933
0.3752772 0.6666644
0.3759508 0.6659651
0.3763941 0.6651705
0.3769975 0.6644500
0.3773598 0.6636288
0.3785239 0.6621641
0.3795164 0.6606451
0.3807249 0.6592098
0.3817454 0.6577153
0.3829910 0.6563085
0.3840458 0.6548411
0.3853259 0.6534633
0.3864159 0.6520242
0.3877281 0.6506759
0.3888545 0.6492663
0.3901988 0.6479489
0.3913601 0.6465691
0.3927363 0.6452835
0.3939311 0.6439342
0.3953450 0.6426833
0.3965659 0.6413632
0.3980261 0.6401499
0.3992631 0.6388577
0.4007622 0.6376802
0.4020210 0.6364191
0.4035469 0.6352752
0.4048379 0.6340489
0.4063895 0.6329397
0.4077122 0.6317486
0.4092971 0.6306775
0.4106420 0.6295195
0.4122745 0.6284905
0.4136257 0.6273630
0.4152823 0.6263701
0.4166614 0.6252803
0.4197473 0.6232728
0.4228815 0.6213416
0.4260622 0.6194880
0.4292875 0.6177129
0.4325553 0.6160175
0.4358638 0.6144029
0.4392109 0.6128699
0.4425947 0.6114195
0.4460130 0.6100526
0.4494639 0.6087700
0.4529452 0.6075725
0.4564548 0.6064607
0.4599907 0.6054354
0.4635507 0.6044972
0.4671326 0.6036467
0.4707343 0.6028843
0.4743537 0.6022105
0.4779885 0.6016257
0.4816366 0.6011303
0.4852957 0.6007246
0.4889637 0.6004088
0.4926383 0.6001831
0.4963174 0.6000476
0.4999987 0.6000025
0.5036799 0.6000477
0.5073590 0.6001833
0.5110336 0.6004091
0.5147016 0.6007250
0.5183607 0.6011308
0.5220087 0.6016263
0.5256435 0.6022112
0.5292628 0.6028851
0.5328645 0.6036476
0.5364464 0.6044982
0.5400063 0.6054365
0.5435422 0.6064619
0.5470518 0.6075738
0.5505330 0.6087714
0.5539838 0.6100541
0.5557737 0.6106523
0.5574021 0.6114211
0.5591673 0.6120649
0.5607858 0.6128716
0.5625325 0.6135532
0.5641328 0.6144047
0.5658609 0.6151237
0.5674413 0.6160195
0.5691453 0.6167818
0.5707091 0.6177149
0.5723839 0.6185247
0.5739343 0.6194901
0.5755847 0.6203395
0.5771150 0.6213438
0.5787423 0.6222298
0.5802492 0.6232751
0.5818528 0.6241969
0.5833350 0.6252827
0.5849145 0.6262396
0.5863707 0.6273654
0.5879239 0.6283589
0.5893544 0.6295219
0.5908789 0.6305541
0.5922842 0.6317511
0.5937765 0.6328251
0.5951584 0.6340514
0.5966188 0.6351646
0.5979753 0.6364216
0.5994042 0.6375712
0.6007332 0.6388602
0.6021312 0.6400436
0.6034305 0.6413658
0.6047967 0.6425820
0.6060654 0.6439368
0.6073999 0.6451843
0.6086364 0.6465717
0.6099392 0.6478489
0.6111420 0.6492688
0.6124117 0.6505757
0.6135806 0.6520267
0.6148172 0.6533617
0.6159509 0.6548435
0.6171536 0.6562060
0.6182513 0.6577177
0.6194194 0.6591068
0.6204804 0.6606475
0.6216134 0.6620626
0.6226370 0.6636310
0.6237333 0.6650725
0.6247197 0.6666666
0.6257793 0.6681329
0.6267273 0.6697524
0.6277495 0.6712429
0.6282874 0.6719719
0.6286586 0.6728866
0.6292330 0.6735522
0.6296417 0.6744018
0.6301571 0.6751456
0.6305124 0.6760672
0.6310647 0.6767476
0.6314565 0.6776055
0.6319527 0.6783600
0.6322875 0.6792923
0.6328202 0.6799845
0.6331910 0.6808544
0.6336698 0.6816168
0.6339830 0.6825600
0.6344973 0.6832622
0.6348449 0.6841453
0.6353072 0.6849142
0.6355978 0.6858683
0.6360938 0.6865800
0.6364163 0.6874776
0.6368630 0.6882512
0.6371309 0.6892153
0.6376096 0.6899345
0.6379074 0.6908450
0.6383381 0.6916237
0.6385813 0.6925989
0.6390425 0.6933256
0.6393143 0.6942495
0.6397293 0.6950321
0.6399484 0.6960171
0.6403924 0.6967502
0.6406382 0.6976862
0.6410370 0.6984731
0.6412311 0.6994677
0.6416577 0.7002070
0.6418773 0.7011545
0.6422597 0.7019454
0.6424287 0.7029489
0.6428377 0.7036941
0.6430309 0.7046522
0.6433961 0.7054474
0.6435406 0.7064584
0.6439309 0.7072098
0.6440983 0.7081773
0.6444450 0.7089774
0.6445660 0.7099941
0.6449370 0.7107518
0.6450799 0.7117262
0.6454041 0.7125346
0.6455043 0.7135539
0.6458531 0.7143200
0.6459742 0.7152982
0.6462660 0.7161230
0.6463549 0.7171356
0.6466706 0.7179191
0.6467805 0.7188912
0.6470326 0.7197376
0.6471174 0.7207372
0.6473914 0.7215443
0.6474984 0.7225029
0.6477219 0.7233601
0.6477913 0.7243564
0.6480362 0.7251750
0.6481275 0.7261311
0.6483254 0.7269957
0.6483762 0.7279910
0.6485960 0.7288170
0.6486673 0.7297737
0.6488424 0.7306427
0.6488717 0.7316389
0.6490682 0.7324702
0.6491175 0.7334284
0.6492708 0.7343005
0.6492775 0.7352979
0.6494516 0.7361330
0.6494780 0.7370932
0.6496095 0.7379675
0.6495934 0.7389657
0.6497457 0.7398035
0.6497494 0.7407647
0.6498595 0.7416407
0.6498192 0.7426402
0.6499501 0.7434800
0.6499296 0.7444427
0.6500189 0.7453193
0.6499547 0.7463191
0.6500648 0.7471599
0.6500206 0.7481232
0.6500893 0.7489998
0.6499999 0.7500003
