x y
0.70858849 0.49999994
0.70794386 0.50988710
0.70624909 0.51986783
0.70332302 0.53001150
0.69897352 0.54033564
0.69317619 0.55075587
0.68574823 0.56116117
0.67663975 0.57138692
0.66584318 0.58126202
0.65335817 0.59059592
0.64633631 0.59494285
0.63927473 0.59924771
0.63152093 0.60318985
0.62373896 0.60706084
0.61533551 0.61051449
0.60690573 0.61390898
0.59793053 0.61683556
0.58894290 0.61970860
0.57949848 0.62207709
0.57004829 0.62439141
0.56023949 0.62618785
0.55041969 0.62792193
0.54034879 0.62913146
0.53026701 0.63025827
0.52003342 0.63084854
0.50979605 0.63139150
0.49950352 0.63138790
0.48920869 0.63132308
0.47895859 0.63071470
0.46870903 0.63005622
0.45859920 0.62886212
0.44849628 0.62758634
0.43863450 0.62578957
0.42877744 0.62393828
0.41926945 0.62157140
0.40975943 0.61914967
0.40069522 0.61622954
0.39163751 0.61325877
0.38311393 0.60983132
0.37461344 0.60633969
0.36672209 0.60244175
0.35885460 0.59846645
0.35167027 0.59413833
0.34452737 0.58976109
0.33179180 0.58039034
0.32075654 0.57050745
0.31143744 0.56029649
0.30383703 0.54993688
0.29792007 0.53960314
0.29349651 0.52941461
0.29051690 0.51944513
0.28880242 0.50966739
0.28814674 0.50000008
0.28880240 0.49033278
0.29051687 0.48055504
0.29349647 0.47058556
0.29792000 0.46039705
0.30383694 0.45006332
0.31143731 0.43970372
0.32075638 0.42949275
0.33179168 0.41960985
0.34452729 0.41023907
0.35167020 0.40586178
0.35885454 0.40153362
0.36672204 0.39755832
0.37461338 0.39366039
0.38311387 0.39016875
0.39163745 0.38674128
0.40069516 0.38377051
0.40975936 0.38085038
0.41926938 0.37842865
0.42877737 0.37606176
0.43863443 0.37421046
0.44849621 0.37241369
0.45859912 0.37113791
0.46870896 0.36994380
0.47895852 0.36928532
0.48920862 0.36867693
0.49950344 0.36861210
0.50979597 0.36860849
0.52003334 0.36915145
0.53026693 0.36974172
0.54034871 0.37086852
0.55041962 0.37207805
0.56023942 0.37381213
0.57004822 0.37560856
0.57949841 0.37792288
0.58894283 0.38029136
0.59793046 0.38316440
0.60690567 0.38609097
0.61533545 0.38948546
0.62373891 0.39293910
0.63152088 0.39681010
0.63927467 0.40075224
0.64633625 0.40505707
0.65335810 0.40940397
0.66584309 0.41873784
0.67663964 0.42861294
0.68574814 0.43883868
0.69317612 0.44924399
0.69897347 0.45966423
0.70332299 0.46998838
0.70624906 0.48013205
0.70794385 0.49011278
0.70858849 0.49999994
