x y
0.73570200 0.50000000
0.73475313 0.51056408
0.73191417 0.52104311
0.72720797 0.53135271
0.72067243 0.54140987
0.71236016 0.55113363
0.70233810 0.56044569
0.69068692 0.56927108
0.67750045 0.57753874
0.67019265 0.58136042
0.66288485 0.58518210
0.65492132 0.58866086
0.64695779 0.59213962
0.63840266 0.59524746
0.62984752 0.59835529
0.62076966 0.60106718
0.61169179 0.60377906
0.60216429 0.60607317
0.59263679 0.60836727
0.58273635 0.61022511
0.57283592 0.61208296
0.56264228 0.61348960
0.55244863 0.61489623
0.54204384 0.61584032
0.53163905 0.61678442
0.52110689 0.61725838
0.51057473 0.61773233
0.50000000 0.61773233
0.48942527 0.61773233
0.47889311 0.61725838
0.46836095 0.61678442
0.45795616 0.61584032
0.44755137 0.61489623
0.43735772 0.61348960
0.42716408 0.61208296
0.41726365 0.61022511
0.40736321 0.60836727
0.39783571 0.60607317
0.38830821 0.60377906
0.37923034 0.60106718
0.37015248 0.59835529
0.36159734 0.59524746
0.35304221 0.59213962
0.34507868 0.58866086
0.33711515 0.58518210
0.32980735 0.58136042
0.32249955 0.57753874
0.30931308 0.56927108
0.29766190 0.56044569
0.28763984 0.55113363
0.27932757 0.54140987
0.27279203 0.53135271
0.26808583 0.52104311
0.26524687 0.51056408
0.26429800 0.50000000
0.26524687 0.48943592
0.26808583 0.47895689
0.27279203 0.46864729
0.27932757 0.45859013
0.28763984 0.44886637
0.29766190 0.43955431
0.30931308 0.43072892
0.32249955 0.42246126
0.32980735 0.41863958
0.33711515 0.41481790
0.34507868 0.41133914
0.35304221 0.40786038
0.36159734 0.40475254
0.37015248 0.40164471
0.37923034 0.39893282
0.38830821 0.39622094
0.39783571 0.39392683
0.40736321 0.39163273
0.41726365 0.38977489
0.42716408 0.38791704
0.43735772 0.38651040
0.44755137 0.38510377
0.45795616 0.38415968
0.46836095 0.38321558
0.47889311 0.38274162
0.48942527 0.38226767
0.50000000 0.38226767
0.51057473 0.38226767
0.52110689 0.38274162
0.53163905 0.38321558
0.54204384 0.38415968
0.55244863 0.38510377
0.56264228 0.38651040
0.57283592 0.38791704
0.58273635 0.38977489
0.59263679 0.39163273
0.60216429 0.39392683
0.61169179 0.39622094
0.62076966 0.39893282
0.62984752 0.40164471
0.63840266 0.40475254
0.64695779 0.40786038
0.65492132 0.41133914
0.66288485 0.41481790
0.67019265 0.41863958
0.67750045 0.42246126
0.69068692 0.43072892
0.70233810 0.43955431
0.71236016 0.44886637
0.72067243 0.45859013
0.72720797 0.46864729
0.73191417 0.47895689
0.73475313 0.48943592
0.73570200 0.50000000
