x y
0.67017698 0.50000017
0.66976833 0.50932728
0.66896154 0.51881274
0.66739414 0.52861196
0.66501957 0.53885601
0.66187043 0.54954096
0.65748407 0.56068354
0.65195259 0.57218595
0.64506553 0.58390360
0.63652782 0.59575808
0.62625808 0.60750960
0.62028179 0.61319354
0.61421611 0.61881389
0.60736736 0.62415198
0.60040819 0.62938805
0.59267342 0.63421581
0.58481961 0.63890330
0.57627432 0.64306007
0.56760679 0.64701862
0.55836783 0.65038146
0.54899995 0.65345172
0.53921817 0.65585789
0.52933904 0.65791302
0.51918520 0.65922066
0.50897607 0.66025667
0.49865698 0.66043860
0.48832975 0.66031110
0.47806413 0.65937431
0.46783407 0.65811711
0.45781786 0.65609303
0.44787950 0.65369438
0.43832703 0.65062409
0.42889178 0.64727000
0.42000622 0.64325038
0.41122189 0.63903929
0.40311872 0.63424800
0.39513228 0.62931667
0.38793090 0.62394373
0.38085588 0.61847483
0.37458462 0.61271169
0.36843923 0.60685165
0.36310821 0.60081253
0.35783432 0.59472561
0.34903920 0.58250671
0.34206320 0.57050277
0.33653350 0.55885014
0.33222772 0.54768282
0.32919123 0.53714634
0.32696396 0.52720506
0.32549350 0.51781643
0.32479649 0.50881214
0.32438249 0.50000002
0.32479649 0.49118790
0.32549349 0.48218361
0.32696396 0.47279499
0.32919122 0.46285373
0.33222770 0.45231726
0.33653347 0.44114996
0.34206314 0.42949735
0.34903915 0.41749337
0.35783431 0.40527443
0.36310821 0.39918748
0.36843925 0.39314834
0.37458465 0.38728831
0.38085591 0.38152516
0.38793092 0.37605627
0.39513231 0.37068333
0.40311875 0.36575200
0.41122192 0.36096072
0.42000625 0.35674963
0.42889182 0.35273001
0.43832707 0.34937593
0.44787954 0.34630564
0.45781790 0.34390700
0.46783411 0.34188292
0.47806418 0.34062572
0.48832979 0.33968893
0.49865703 0.33956144
0.50897613 0.33974337
0.51918525 0.34077939
0.52933909 0.34208703
0.53921822 0.34414218
0.54899999 0.34654835
0.55836787 0.34961861
0.56760683 0.35298145
0.57627435 0.35694001
0.58481962 0.36109678
0.59267344 0.36578425
0.60040821 0.37061202
0.60736733 0.37584813
0.61421607 0.38118615
0.62028182 0.38680648
0.62625818 0.39249061
0.63652819 0.40424248
0.64506590 0.41609697
0.65195278 0.42781459
0.65748426 0.43931690
0.66187053 0.45045944
0.66501964 0.46114436
0.66739420 0.47138840
0.66896158 0.48118761
0.66976834 0.49067307
0.67017698 0.50000017
