x y
0.68044800 0.50000020
0.67998966 0.50943413
0.67900194 0.51901784
0.67716522 0.52888789
0.67437548 0.53915100
0.67064234 0.54979119
0.66555184 0.56080221
0.65911548 0.57205654
0.65118104 0.58338566
0.64152294 0.59463651
0.63011780 0.60554684
0.62359504 0.61072018
0.61698787 0.61581898
0.60962100 0.62057315
0.60217129 0.62523094
0.59401147 0.62942962
0.58577458 0.63351375
0.57692436 0.63705110
0.56800058 0.64042500
0.55858523 0.64321005
0.54909697 0.64577751
0.53926460 0.64772056
0.52937356 0.64940578
0.51925933 0.65042172
0.50911475 0.65125165
0.49888163 0.65134465
0.48864300 0.65122534
0.47846034 0.65039286
0.46829901 0.64934949
0.45832243 0.64763295
0.44839319 0.64564726
0.43878280 0.64303772
0.42923138 0.64022677
0.42015475 0.63679262
0.41113051 0.63320742
0.40270141 0.62904969
0.39433780 0.62477547
0.38667251 0.62002877
0.37908639 0.61518290
0.37226531 0.60998000
0.36554200 0.60469114
0.35961091 0.59915177
0.35374163 0.59355770
0.34375921 0.58209510
0.33560665 0.57056622
0.32905049 0.55920744
0.32391922 0.54820645
0.32020389 0.53769078
0.31747932 0.52767027
0.31568180 0.51814502
0.31476175 0.50897972
0.31429892 0.50000001
0.31476175 0.49102031
0.31568179 0.48185501
0.31747931 0.47232978
0.32020387 0.46230928
0.32391919 0.45179362
0.32905044 0.44079265
0.33560658 0.42943388
0.34375915 0.41790497
0.35374161 0.40644233
0.35961090 0.40084822
0.36554202 0.39530884
0.37226533 0.39001998
0.37908641 0.38481709
0.38667253 0.37997121
0.39433783 0.37522452
0.40270143 0.37095030
0.41113054 0.36679257
0.42015478 0.36320737
0.42923141 0.35977323
0.43878283 0.35696228
0.44839322 0.35435274
0.45832247 0.35236706
0.46829905 0.35065052
0.47846038 0.34960716
0.48864305 0.34877468
0.49888168 0.34865538
0.50911480 0.34874839
0.51925938 0.34957832
0.52937361 0.35059427
0.53926465 0.35227950
0.54909701 0.35422256
0.55858527 0.35679003
0.56800062 0.35957509
0.57692438 0.36294900
0.58577460 0.36648635
0.59401148 0.37057047
0.60217128 0.37476919
0.60962095 0.37942702
0.61698785 0.38418108
0.62359507 0.38927988
0.63011786 0.39445347
0.64152330 0.40536415
0.65118149 0.41661492
0.65911569 0.42794406
0.66555203 0.43919828
0.67064247 0.45020926
0.67437556 0.46084943
0.67716528 0.47111252
0.67900199 0.48098256
0.67998968 0.49056627
0.68044800 0.50000020
