x y
0.65717465 0.48158266
0.66032653 0.48195745
0.66350083 0.48239873
0.66672300 0.48286657
0.66998825 0.48340247
0.67330823 0.48398386
0.67668890 0.48463856
0.68013421 0.48535927
0.68364534 0.48615805
0.68722050 0.48704357
0.69087468 0.48802013
0.69460424 0.48911024
0.69843543 0.49031962
0.70235007 0.49167264
0.70638585 0.49318063
0.71050650 0.49486577
0.71471013 0.49672794
0.71901654 0.49882345
0.72342984 0.50116702
0.72797344 0.50381018
0.73262854 0.50679177
0.73734090 0.51012890
0.74209892 0.51386438
0.74691349 0.51806219
0.75180795 0.52283995
0.75670005 0.52823976
0.76150340 0.53428046
0.76614131 0.54099382
0.77056346 0.54846109
0.77470685 0.55675146
0.77844956 0.56586747
0.78166497 0.57573626
0.78426078 0.58625785
0.78621676 0.59759490
0.78740595 0.60972103
0.78763643 0.61602910
0.78776177 0.62235537
0.78759669 0.62883942
0.78727685 0.63533972
0.78669839 0.64200545
0.78593829 0.64867669
0.78493495 0.65549155
0.78373609 0.66230264
0.78230243 0.66921491
0.78067229 0.67611394
0.77882240 0.68306264
0.77677533 0.68998082
0.77451087 0.69693646
0.77205808 0.70384931
0.76938184 0.71079903
0.76651714 0.71770296
0.76340036 0.72469126
0.76009647 0.73161350
0.75662312 0.73842726
0.75299583 0.74512562
0.74913561 0.75183644
0.74508351 0.75848438
0.74082741 0.76508425
0.73641321 0.77155262
0.73183221 0.77791242
0.72709987 0.78414542
0.72214252 0.79033632
0.71700551 0.79641858
0.71168973 0.80238848
0.70622008 0.80821644
0.70055227 0.81394547
0.69473289 0.81952268
0.68874661 0.82496070
0.68259529 0.83025470
0.67630734 0.83537427
0.66986616 0.84033248
0.66325408 0.84514188
0.65650642 0.84977136
0.64958696 0.85423677
0.64254221 0.85850834
0.63537900 0.86258356
0.62808957 0.86645378
0.62070283 0.87011588
0.61318710 0.87357513
0.60558297 0.87681598
0.59785450 0.87984765
0.59004347 0.88264954
0.58212915 0.88522722
0.57415843 0.88757376
0.56608837 0.88968583
0.55797515 0.89155350
0.54980009 0.89318321
0.54158133 0.89456658
0.53331853 0.89569919
0.52499693 0.89658432
0.51666032 0.89722014
0.50833142 0.89759902
0.50000298 0.89772325
0.49167426 0.89759901
0.48334541 0.89722012
0.47500883 0.89658428
0.46668740 0.89569914
0.45842468 0.89456653
0.45020607 0.89318315
0.44203109 0.89155342
0.43391800 0.88968575
0.42584800 0.88757368
0.41787738 0.88522711
0.40996312 0.88264940
0.40215215 0.87984748
0.39442368 0.87681576
0.38681955 0.87357485
0.37930373 0.87011548
0.37191689 0.86645322
0.36462729 0.86258281
0.35746383 0.85850733
0.35041876 0.85423543
0.34349889 0.84976959
0.33675071 0.84513955
0.33013822 0.84032964
0.32369649 0.83537077
0.31740802 0.83025052
0.31125622 0.82495582
0.30526956 0.81951712
0.29944991 0.81393931
0.29378194 0.80820976
0.28831227 0.80238139
0.28299650 0.79641109
0.27785965 0.79032859
0.27290257 0.78413760
0.26817082 0.77790493
0.26359054 0.77154574
0.25917715 0.76507818
0.25492171 0.75847896
0.25087043 0.75183211
0.24701102 0.74512247
0.24338441 0.73842531
0.23991162 0.73161269
0.23660827 0.72469183
0.23349174 0.71770453
0.23062726 0.71080181
0.22795099 0.70385302
0.22549796 0.69694085
0.22323316 0.68998585
0.22118553 0.68306803
0.21933497 0.67611959
0.21770401 0.66922050
0.21626946 0.66230814
0.21506960 0.65549670
0.21406529 0.64868153
0.21330415 0.64200981
0.21272474 0.63534361
0.21240387 0.62884274
0.21223797 0.62235838
0.21236235 0.61603157
0.21259208 0.60972315
0.21377983 0.59759620
0.21573472 0.58625853
0.21832968 0.57573676
0.22154432 0.56586781
0.22528650 0.55675170
0.22942930 0.54846139
0.23385096 0.54099404
0.23848854 0.53428036
0.24329145 0.52823947
0.24818311 0.52283940
0.25307740 0.51806109
0.25789183 0.51386273
0.26264962 0.51012677
0.26736179 0.50678919
0.27201679 0.50380714
0.27656035 0.50116343
0.28097362 0.49881942
0.28527988 0.49672356
0.28948331 0.49486110
0.29360370 0.49317570
0.29763927 0.49166745
0.30155365 0.49031421
0.30538446 0.48910464
0.30911359 0.48801442
0.31276723 0.48703769
0.31634181 0.48615210
0.31985233 0.48535316
0.32329706 0.48463238
0.32667709 0.48397756
0.32999649 0.48339609
0.33326116 0.48286004
0.33648278 0.48239214
0.33965657 0.48195084
0.34280802 0.48157590
0.34590411 0.48121212
0.35199171 0.48062200
0.35790870 0.48015631
0.36367420 0.47979577
0.36933389 0.47951847
0.37485944 0.47931708
0.37759429 0.47923912
0.38297417 0.47912238
0.38827166 0.47905790
0.39347824 0.47902830
0.39862223 0.47903071
0.40622433 0.47908477
0.41119080 0.47914870
0.41858216 0.47926584
0.42342470 0.47936065
0.43064336 0.47951002
0.43778972 0.47966932
0.44252354 0.47977541
0.44723779 0.47987849
0.45191105 0.47998039
0.45657684 0.48007325
0.46123122 0.48016470
0.46585841 0.48024544
0.47046060 0.48031841
0.47504247 0.48038260
0.47960959 0.48043690
0.48415531 0.48048135
0.48869084 0.48051429
0.49322402 0.48053668
0.49774266 0.48054879
0.50225300 0.48054919
0.50677135 0.48053781
0.51130404 0.48051615
0.51583900 0.48048384
0.52038404 0.48044016
0.52495042 0.48038608
0.52953164 0.48032274
0.53413311 0.48025024
0.53875989 0.48016876
0.54341377 0.48007965
0.54807908 0.47998484
0.55275189 0.47988479
0.55746553 0.47978185
0.56219821 0.47967466
0.56694573 0.47957120
0.57174475 0.47946551
0.57656293 0.47936603
0.58140546 0.47927754
0.58632209 0.47918960
0.59376341 0.47909561
0.59880750 0.47905129
0.60650777 0.47903307
0.61171264 0.47906754
0.61700974 0.47912943
0.62238901 0.47924666
0.62512377 0.47932493
0.63064883 0.47952583
0.63630821 0.47980314
0.64207368 0.48016357
0.64799031 0.48062916
0.65407823 0.48121933
0.65717465 0.48158266
