x y
0.64800025 0.71036632
0.65043215 0.71023230
0.65519722 0.71001257
0.65995364 0.70979088
0.66471995 0.70958269
0.67188865 0.70929205
0.67669324 0.70911880
0.68154732 0.70895692
0.68642511 0.70881713
0.69133078 0.70869635
0.69631767 0.70860152
0.70130545 0.70853904
0.70637252 0.70850692
0.71152999 0.70851351
0.71674287 0.70856170
0.72208583 0.70866772
0.72758198 0.70881946
0.73039587 0.70896085
0.73353199 0.70905498
0.73498247 0.70924498
0.73670151 0.70923830
0.73980006 0.70947093
0.74292858 0.70966856
0.74607272 0.70993001
0.74931890 0.71022384
0.75267675 0.71056058
0.75617308 0.71096047
0.75984505 0.71142754
0.76375985 0.71199195
0.76579296 0.71230488
0.77004181 0.71302714
0.77751594 0.71449472
0.77878568 0.71495665
0.78038752 0.71516389
0.78323747 0.71596635
0.78628303 0.71676798
0.78948663 0.71771345
0.79294652 0.71882341
0.79668606 0.72015411
0.79871392 0.72093314
0.80086546 0.72180319
0.80312904 0.72277982
0.80553512 0.72389165
0.80810275 0.72515191
0.81080474 0.72658908
0.81371410 0.72826073
0.81680366 0.73024154
0.82014830 0.73258237
0.82373267 0.73546007
0.82752189 0.73894953
0.83149624 0.74330619
0.83553152 0.74879885
0.83933042 0.75564784
0.84251468 0.76408939
0.84455087 0.77413585
0.84502179 0.78563006
0.84451962 0.79172527
0.84379757 0.79794177
0.84259270 0.80426332
0.84112201 0.81059925
0.83928800 0.81694392
0.83723092 0.82326377
0.83490608 0.82957946
0.83239854 0.83583452
0.82971565 0.84200348
0.82690086 0.84810967
0.82396184 0.85409704
0.82093648 0.86001958
0.81781406 0.86580974
0.81463226 0.87155573
0.81136544 0.87716695
0.80805587 0.88274324
0.80465897 0.88821473
0.80121978 0.89365639
0.79769086 0.89900729
0.79414113 0.90432201
0.79050952 0.90952518
0.78685132 0.91471264
0.78311842 0.91977324
0.77937819 0.92482104
0.77553270 0.92975568
0.77168359 0.93468762
0.76376908 0.94431548
0.75564114 0.95368799
0.74737318 0.96272048
0.73883685 0.97153602
0.73004466 0.98011899
0.72105881 0.98838267
0.71185979 0.99634053
0.70242602 1.00401611
0.69273018 1.01140369
0.68280717 1.01846277
0.67269720 1.02515832
0.66233969 1.03152110
0.65177936 1.03751698
0.64098466 1.04314730
0.63002599 1.04836993
0.61885210 1.05320820
0.60752988 1.05762947
0.59603363 1.06161861
0.58435594 1.06516939
0.57253789 1.06828151
0.56061416 1.07092525
0.54858950 1.07310841
0.53648990 1.07481741
0.52433464 1.07604081
0.51215032 1.07677614
0.50000683 1.07702020
0.48786001 1.07677587
0.47567549 1.07604031
0.46352041 1.07481676
0.45142167 1.07310775
0.43939729 1.07092457
0.42747427 1.06828096
0.41565685 1.06516899
0.40398006 1.06161851
0.39248424 1.05762953
0.38116259 1.05320859
0.36998913 1.04837077
0.35903084 1.04314870
0.34823611 1.03751882
0.33767558 1.03152342
0.32731784 1.02516127
0.31720725 1.01846620
0.30728350 1.01140773
0.29758640 1.00402049
0.28815144 0.99634541
0.27895073 0.98838774
0.26996287 0.98012412
0.26116835 0.97154097
0.25262906 0.96272463
0.24435806 0.95369127
0.23622670 0.94431744
0.23226763 0.93950272
0.22830857 0.93468800
0.22445755 0.92975540
0.22061045 0.92481985
0.21686838 0.91977144
0.21313388 0.91470978
0.20947407 0.90952166
0.20584093 0.90431776
0.20228987 0.89900261
0.19875973 0.89365123
0.19531955 0.88820934
0.19192164 0.88273761
0.18861155 0.87716139
0.18534420 0.87155031
0.18216220 0.86580452
0.17903969 0.86001462
0.17601470 0.85409266
0.17307619 0.84810592
0.17026237 0.84200047
0.16758063 0.83583233
0.16507482 0.82957821
0.16275198 0.82326358
0.16069758 0.81694509
0.15886661 0.81060209
0.15739992 0.80426844
0.15619881 0.79794901
0.15548171 0.79173609
0.15498403 0.78564387
0.15546453 0.77415917
0.15750785 0.76412411
0.16069741 0.75569092
0.16449867 0.74885061
0.16853258 0.74336634
0.17250482 0.73901450
0.17629480 0.73552795
0.17987672 0.73265353
0.18321905 0.73031567
0.18630732 0.72833696
0.18921407 0.72666662
0.19191355 0.72523072
0.19448061 0.72397178
0.19688371 0.72286098
0.19914445 0.72188616
0.20129204 0.72101753
0.20331610 0.72023949
0.20704673 0.71891085
0.21049844 0.71780432
0.21369074 0.71686229
0.21672318 0.71606204
0.21956329 0.71526160
0.22115859 0.71505372
0.22242736 0.71459213
0.22763457 0.71356608
0.22991267 0.71312007
0.23417543 0.71239102
0.23621555 0.71207610
0.24014104 0.71150997
0.24382002 0.71104096
0.24732296 0.71063880
0.25068624 0.71030069
0.25393707 0.71000569
0.25708548 0.70974316
0.26021739 0.70954425
0.26331893 0.70931117
0.26503870 0.70931726
0.26648986 0.70912744
0.26962599 0.70903233
0.27244151 0.70889053
0.27794197 0.70873761
0.28328867 0.70863049
0.28850383 0.70858160
0.29366451 0.70857371
0.29873371 0.70860541
0.30372220 0.70866647
0.30871104 0.70876110
0.31361726 0.70887902
0.31849794 0.70902077
0.32334980 0.70917852
0.32815604 0.70935406
0.33293417 0.70954183
0.34008880 0.70984836
0.34484481 0.71006675
0.34961258 0.71029091
0.35440640 0.71052544
0.35919623 0.71076285
0.36397006 0.71100397
0.36873039 0.71124825
0.37350210 0.71149125
0.37824887 0.71173599
0.38537489 0.71209798
0.39011589 0.71233668
0.39484243 0.71256826
0.39958023 0.71280074
0.40666583 0.71313166
0.41136455 0.71334623
0.41843521 0.71365278
0.42311220 0.71384518
0.43015316 0.71412081
0.43718629 0.71437226
0.44187468 0.71452723
0.44656758 0.71467319
0.45123919 0.71480736
0.45592159 0.71492788
0.46061075 0.71504151
0.46528147 0.71513975
0.46994124 0.71522605
0.47459146 0.71530020
0.47923234 0.71536258
0.48385860 0.71541227
0.48848041 0.71544813
0.49310252 0.71547224
0.49771190 0.71548458
0.50231390 0.71548359
0.50692289 0.71546921
0.51154439 0.71544312
0.51616512 0.71540519
0.52079022 0.71535367
0.52543081 0.71528912
0.53007894 0.71521312
0.53473674 0.71512513
0.53940932 0.71502395
0.54409514 0.71490993
0.54877620 0.71478607
0.55345023 0.71465047
0.55814093 0.71450374
0.56283048 0.71434474
0.56751140 0.71417845
0.57221224 0.71400081
0.57690336 0.71381313
0.58158232 0.71361911
0.58629894 0.71341408
0.59334490 0.71309606
0.59807140 0.71287241
0.60517208 0.71252899
0.60990147 0.71229230
0.61464459 0.71205353
0.61938759 0.71181062
0.62651591 0.71144415
0.63128832 0.71119785
0.63604787 0.71095338
0.64081014 0.71071386
0.64562105 0.71046586
0.64800025 0.71036632
