x y
0.66780082 0.91978118
0.66980608 0.91997044
0.67358316 0.92037955
0.67723389 0.92077428
0.68073955 0.92118025
0.68576703 0.92178313
0.68895637 0.92218967
0.69203353 0.92259154
0.69776827 0.92338002
0.70293550 0.92414071
0.70756315 0.92486002
0.71453463 0.92600410
0.71598967 0.92631366
0.71807020 0.92656634
0.71862133 0.92684075
0.71988748 0.92690839
0.72132422 0.92725531
0.72266609 0.92747554
0.72736558 0.92844239
0.73478151 0.92997023
0.73515600 0.93027977
0.73674840 0.93044326
0.73807468 0.93084386
0.74349635 0.93222484
0.75081602 0.93420124
0.75134014 0.93460611
0.75290389 0.93479720
0.75453279 0.93538720
0.75802604 0.93652410
0.76162594 0.93773067
0.76735929 0.93977355
0.76910942 0.94042858
0.77215411 0.94162129
0.77454745 0.94258269
0.77730066 0.94372207
0.78049450 0.94512865
0.78444902 0.94687702
0.78544796 0.94755650
0.78675102 0.94800424
0.79162114 0.95058738
0.79426280 0.95201978
0.79711676 0.95365558
0.80027043 0.95557945
0.80376184 0.95784359
0.80564624 0.95913874
0.80763963 0.96056149
0.80974443 0.96213133
0.81197463 0.96387393
0.81431854 0.96580925
0.81679732 0.96799623
0.81940343 0.97044170
0.82214598 0.97324859
0.82501276 0.97644523
0.82797923 0.98014033
0.83100803 0.98440154
0.83404437 0.98939927
0.83692111 0.99516257
0.83951256 1.00186384
0.84158805 1.00945334
0.84293302 1.01800289
0.84330877 1.02741530
0.84256979 1.03754327
0.84068205 1.04804709
0.83772102 1.05865913
0.83386771 1.06916737
0.82921655 1.07954519
0.82396321 1.08962702
0.81824117 1.09939056
0.81215909 1.10879673
0.80577189 1.11790823
0.79911895 1.12673068
0.79226131 1.13526575
0.78525983 1.14348429
0.77810769 1.15143493
0.77085340 1.15910019
0.76346624 1.16653574
0.75595927 1.17373886
0.74833957 1.18071255
0.74063558 1.18743987
0.73281605 1.19395640
0.72490491 1.20024760
0.71686725 1.20634116
0.70878526 1.21217421
0.70059617 1.21779845
0.69228208 1.22322215
0.68387714 1.22842096
0.67538432 1.23339682
0.66680890 1.23814776
0.65813061 1.24267353
0.64934039 1.24697339
0.64049568 1.25103305
0.63154476 1.25485833
0.62251850 1.25843967
0.61339312 1.26178671
0.60422430 1.26486759
0.59496614 1.26770777
0.58566199 1.27028096
0.57627105 1.27260235
0.56685325 1.27465542
0.55737085 1.27644166
0.54785912 1.27795467
0.53830824 1.27919918
0.52874479 1.28016650
0.51915667 1.28085903
0.50960266 1.28127202
0.50004498 1.28141103
0.49047900 1.28127445
0.48092201 1.28086361
0.47133097 1.28017321
0.46176619 1.27920792
0.45221468 1.27796559
0.44270291 1.27645477
0.43322047 1.27467092
0.42380307 1.27262023
0.41441224 1.27030130
0.40510807 1.26773059
0.39585041 1.26489317
0.38668170 1.26181502
0.37755713 1.25847108
0.36853101 1.25489280
0.35958094 1.25107087
0.35073643 1.24701469
0.34194589 1.24271810
0.33326714 1.23819560
0.32469139 1.23344824
0.31619762 1.22847616
0.30779231 1.22328164
0.29947770 1.21786211
0.29128737 1.21224181
0.28320413 1.20641306
0.27516464 1.20032377
0.26725146 1.19403702
0.25942937 1.18752520
0.25172268 1.18080297
0.24410019 1.17383498
0.23658987 1.16663759
0.22919866 1.15920764
0.22193908 1.15154694
0.21477996 1.14360020
0.20777122 1.13538574
0.20090701 1.12685613
0.19424711 1.11803995
0.18785322 1.10893544
0.18176299 1.09953458
0.17603173 1.08977540
0.17076777 1.07969617
0.16610786 1.06932211
0.16224469 1.05881477
0.15927562 1.04820407
0.15738241 1.03770030
0.15663890 1.02757259
0.15701325 1.01816594
0.15835926 1.00962621
0.16043481 1.00204978
0.16302371 0.99536449
0.16589603 0.98961697
0.16892725 0.98463601
0.17194559 0.98039441
0.17489873 0.97671602
0.17775350 0.97353567
0.18048066 0.97074515
0.18307163 0.96831347
0.18553352 0.96614300
0.18786022 0.96421842
0.19007159 0.96249027
0.19215889 0.96093242
0.19413164 0.95952390
0.19599477 0.95823984
0.19943890 0.95600096
0.20254514 0.95410597
0.20534915 0.95249328
0.20794273 0.95108184
0.21271555 0.94852975
0.21399867 0.94809599
0.21496888 0.94742261
0.21882139 0.94572052
0.22190667 0.94435619
0.22453876 0.94325922
0.22965788 0.94121428
0.23392251 0.93963252
0.23771837 0.93830226
0.24289080 0.93659751
0.24442876 0.93600516
0.24590160 0.93580088
0.24643702 0.93536424
0.24971142 0.93453671
0.25195946 0.93386349
0.25521112 0.93298763
0.25819390 0.93217752
0.25934671 0.93190366
0.26066737 0.93149453
0.26222878 0.93134187
0.26263181 0.93102162
0.26623206 0.93027922
0.26879369 0.92967119
0.27238603 0.92892393
0.27329159 0.92870163
0.27681953 0.92801274
0.27829806 0.92763896
0.27958366 0.92754269
0.28015790 0.92726040
0.28227946 0.92697270
0.28376105 0.92663856
0.29088216 0.92542214
0.29564110 0.92464588
0.30094097 0.92382812
0.30680202 0.92298623
0.30992374 0.92255665
0.31317706 0.92213549
0.31653254 0.92169867
0.32182223 0.92106576
0.32549929 0.92064746
0.32930916 0.92022845
0.33327352 0.91981451
0.33736371 0.91940674
0.34156278 0.91900731
0.34586729 0.91861166
0.35030727 0.91824022
0.35483462 0.91785826
0.36184662 0.91732905
0.36665101 0.91698553
0.37154580 0.91665837
0.37655071 0.91633977
0.38423202 0.91589209
0.38943411 0.91561168
0.39744616 0.91521552
0.40284189 0.91497257
0.41112889 0.91463024
0.41956613 0.91432474
0.42527864 0.91414031
0.43105808 0.91396741
0.43687140 0.91381188
0.44275033 0.91366946
0.44868784 0.91354246
0.45464588 0.91343025
0.46062816 0.91333298
0.46663164 0.91325023
0.47265142 0.91318186
0.47867534 0.91312774
0.48471068 0.91308757
0.49075862 0.91306120
0.49679751 0.91304858
0.50282906 0.91304955
0.50886633 0.91306403
0.51491127 0.91309212
0.52094188 0.91313374
0.52695991 0.91318893
0.53297394 0.91325792
0.53896824 0.91334064
0.54494063 0.91343726
0.55089252 0.91354790
0.55681615 0.91367277
0.56268354 0.91381131
0.56848793 0.91396332
0.57425344 0.91412938
0.57995362 0.91430944
0.58557449 0.91450268
0.59114663 0.91471109
0.59663028 0.91493171
0.60201845 0.91516840
0.60736252 0.91541491
0.61518176 0.91581475
0.62030227 0.91609776
0.62781757 0.91654591
0.63268849 0.91686840
0.63746587 0.91718899
0.64213548 0.91753412
0.64893948 0.91805803
0.65334036 0.91843028
0.65761421 0.91879966
0.66176184 0.91918711
0.66585165 0.91956827
0.66780082 0.91978118
