x y
0.75000000 0.50000000
0.74992230 0.50623267
0.74968923 0.51246147
0.74930095 0.51868252
0.74875769 0.52489196
0.74805980 0.53108593
0.74720771 0.53726057
0.74620194 0.54341204
0.74504312 0.54953654
0.74373198 0.55563023
0.74226932 0.56168935
0.74065606 0.56771012
0.73889320 0.57368879
0.73698184 0.57962166
0.73492316 0.58550504
0.73271844 0.59133526
0.73036905 0.59710870
0.72787646 0.60282178
0.72524222 0.60847093
0.72246795 0.61405266
0.71955539 0.61956349
0.71650635 0.62500000
0.71332272 0.63035880
0.71000648 0.63563657
0.70655969 0.64083001
0.70298450 0.64593592
0.69928313 0.65095110
0.69545787 0.65587245
0.69151111 0.66069690
0.68744530 0.66542146
0.68326297 0.67004318
0.67896671 0.67455920
0.67455920 0.67896671
0.67004318 0.68326297
0.66542146 0.68744530
0.66069690 0.69151111
0.65587245 0.69545787
0.65095110 0.69928313
0.64593592 0.70298450
0.64083001 0.70655969
0.63563657 0.71000648
0.63035880 0.71332272
0.62500000 0.71650635
0.61956349 0.71955539
0.61405266 0.72246795
0.60847093 0.72524222
0.60282178 0.72787646
0.59710870 0.73036905
0.59133526 0.73271844
0.58550504 0.73492316
0.57962166 0.73698184
0.57368879 0.73889320
0.56771012 0.74065606
0.56168935 0.74226932
0.55563023 0.74373198
0.54953654 0.74504312
0.54341204 0.74620194
0.53726057 0.74720771
0.53108593 0.74805980
0.52489196 0.74875769
0.51868252 0.74930095
0.51246147 0.74968923
0.50623267 0.74992230
0.50000000 0.75000000
0.49376733 0.74992230
0.48753853 0.74968923
0.48131748 0.74930095
0.47510804 0.74875769
0.46891407 0.74805980
0.46273943 0.74720771
0.45658796 0.74620194
0.45046346 0.74504312
0.44436977 0.74373198
0.43831065 0.74226932
0.43228988 0.74065606
0.42631121 0.73889320
0.42037834 0.73698184
0.41449496 0.73492316
0.40866474 0.73271844
0.40289130 0.73036905
0.39717822 0.72787646
0.39152907 0.72524222
0.38594734 0.72246795
0.38043651 0.71955539
0.37500000 0.71650635
0.36964120 0.71332272
0.36436343 0.71000648
0.35916999 0.70655969
0.35406408 0.70298450
0.34904890 0.69928313
0.34412755 0.69545787
0.33930310 0.69151111
0.33457854 0.68744530
0.32995682 0.68326297
0.32544080 0.67896671
0.32103329 0.67455920
0.31673703 0.67004318
0.31255470 0.66542146
0.30848889 0.66069690
0.30454213 0.65587245
0.30071687 0.65095110
0.29701550 0.64593592
0.29344031 0.64083001
0.28999352 0.63563657
0.28667728 0.63035880
0.28349365 0.62500000
0.28044461 0.61956349
0.27753205 0.61405266
0.27475778 0.60847093
0.27212354 0.60282178
0.26963095 0.59710870
0.26728156 0.59133526
0.26507684 0.58550504
0.26301816 0.57962166
0.26110680 0.57368879
0.25934394 0.56771012
0.25773068 0.56168935
0.25626802 0.55563023
0.25495688 0.54953654
0.25379806 0.54341204
0.25279229 0.53726057
0.25194020 0.53108593
0.25124231 0.52489196
0.25069905 0.51868252
0.25031077 0.51246147
0.25007770 0.50623267
0.25000000 0.50000000
0.25007770 0.49376733
0.25031077 0.48753853
0.25069905 0.48131748
0.25124231 0.47510804
0.25194020 0.46891407
0.25279229 0.46273943
0.25379806 0.45658796
0.25495688 0.45046346
0.25626802 0.44436977
0.25773068 0.43831065
0.25934394 0.43228988
0.26110680 0.42631121
0.26301816 0.42037834
0.26507684 0.41449496
0.26728156 0.40866474
0.26963095 0.40289130
0.27212354 0.39717822
0.27475778 0.39152907
0.27753205 0.38594734
0.28044461 0.38043651
0.28349365 0.37500000
0.28667728 0.36964120
0.28999352 0.36436343
0.29344031 0.35916999
0.29701550 0.35406408
0.30071687 0.34904890
0.30454213 0.34412755
0.30848889 0.33930310
0.31255470 0.33457854
0.31673703 0.32995682
0.32103329 0.32544080
0.32544080 0.32103329
0.32995682 0.31673703
0.33457854 0.31255470
0.33930310 0.30848889
0.34412755 0.30454213
0.34904890 0.30071687
0.35406408 0.29701550
0.35916999 0.29344031
0.36436343 0.28999352
0.36964120 0.28667728
0.37500000 0.28349365
0.38043651 0.28044461
0.38594734 0.27753205
0.39152907 0.27475778
0.39717822 0.27212354
0.40289130 0.26963095
0.40866474 0.26728156
0.41449496 0.26507684
0.42037834 0.26301816
0.42631121 0.26110680
0.43228988 0.25934394
0.43831065 0.25773068
0.44436977 0.25626802
0.45046346 0.25495688
0.45658796 0.25379806
0.46273943 0.25279229
0.46891407 0.25194020
0.47510804 0.25124231
0.48131748 0.25069905
0.48753853 0.25031077
0.49376733 0.25007770
0.50000000 0.25000000
0.50623267 0.25007770
0.51246147 0.25031077
0.51868252 0.25069905
0.52489196 0.25124231
0.53108593 0.25194020
0.53726057 0.25279229
0.54341204 0.25379806
0.54953654 0.25495688
0.55563023 0.25626802
0.56168935 0.25773068
0.56771012 0.25934394
0.57368879 0.26110680
0.57962166 0.26301816
0.58550504 0.26507684
0.59133526 0.26728156
0.59710870 0.26963095
0.60282178 0.27212354
0.60847093 0.27475778
0.61405266 0.27753205
0.61956349 0.28044461
0.62500000 0.28349365
0.63035880 0.28667728
0.63563657 0.28999352
0.64083001 0.29344031
0.64593592 0.29701550
0.65095110 0.30071687
0.65587245 0.30454213
0.66069690 0.30848889
0.66542146 0.31255470
0.67004318 0.31673703
0.67455920 0.32103329
0.67896671 0.32544080
0.68326297 0.32995682
0.68744530 0.33457854
0.69151111 0.33930310
0.69545787 0.34412755
0.69928313 0.34904890
0.70298450 0.35406408
0.70655969 0.35916999
0.71000648 0.36436343
0.71332272 0.36964120
0.71650635 0.37500000
0.71955539 0.38043651
0.72246795 0.38594734
0.72524222 0.39152907
0.72787646 0.39717822
0.73036905 0.40289130
0.73271844 0.40866474
0.73492316 0.41449496
0.73698184 0.42037834
0.73889320 0.42631121
0.74065606 0.43228988
0.74226932 0.43831065
0.74373198 0.44436977
0.74504312 0.45046346
0.74620194 0.45658796
0.74720771 0.46273943
0.74805980 0.46891407
0.74875769 0.47510804
0.74930095 0.48131748
0.74968923 0.48753853
0.74992230 0.49376733
0.75000000 0.50000000
