x y
0.17500000 0.73667042
0.17412128 0.73750000
0.16875000 0.74321234
0.16827272 0.74375000
0.16392428 0.75000000
0.16250000 0.75246088
0.16041726 0.75625000
0.15797915 0.76250000
0.15625154 0.76875000
0.15625000 0.76875843
0.15517657 0.77500000
0.15469200 0.78125000
0.15471997 0.78750000
0.15519318 0.79375000
0.15605365 0.80000000
0.15625000 0.80095190
0.15731343 0.80625000
0.15891607 0.81250000
0.16078321 0.81875000
0.16250000 0.82379072
0.16293721 0.82500000
0.16529992 0.83125000
0.16784358 0.83750000
0.16875000 0.83943115
0.17070016 0.84375000
0.17360869 0.85000000
0.17500000 0.85266413
0.17684546 0.85625000
0.18004424 0.86250000
0.18125000 0.86455634
0.18360021 0.86875000
0.18712523 0.87500000
0.18750000 0.87555978
0.19088205 0.88125000
0.19375000 0.88582979
0.19488102 0.88750000
0.19869261 0.89375000
0.20000000 0.89558731
0.20295023 0.90000000
0.20625000 0.90481012
0.20733027 0.90625000
0.21151775 0.91250000
0.21250000 0.91375360
0.21611183 0.91875000
0.21875000 0.92215087
0.22100240 0.92500000
0.22500000 0.93020752
0.22587672 0.93125000
0.23067374 0.93750000
0.23125000 0.93816215
0.23578199 0.94375000
0.23750000 0.94569174
0.24122039 0.95000000
0.24375000 0.95279962
0.24688112 0.95625000
0.25000000 0.95961322
0.25272390 0.96250000
0.25625000 0.96618552
0.25875426 0.96875000
0.26250000 0.97253043
0.26499255 0.97500000
0.26875000 0.97865710
0.27145899 0.98125000
0.27500000 0.98457735
0.27817727 0.98750000
0.28125000 0.99029498
0.28520071 0.99375000
0.28750000 0.99578145
0.29267467 1.00000000
0.29375000 1.00092665
0.30000000 1.00566975
0.30069716 1.00625000
0.30625000 1.01040548
0.30897451 1.01250000
0.31250000 1.01513996
0.31774982 1.01875000
0.31875000 1.01950333
0.32500000 1.02347111
0.32723931 1.02500000
0.33125000 1.02760209
0.33733174 1.03125000
0.33750000 1.03136520
0.34375000 1.03494391
0.34833354 1.03750000
0.35000000 1.03849050
0.35625000 1.04167157
0.36035199 1.04375000
0.36250000 1.04487963
0.36875000 1.04777359
0.37369471 1.05000000
0.37500000 1.05062683
0.38125000 1.05323870
0.38750000 1.05570389
0.38886998 1.05625000
0.39375000 1.05808773
0.40000000 1.06029474
0.40625000 1.06233880
0.40674093 1.06250000
0.41250000 1.06426446
0.41875000 1.06605004
0.42500000 1.06768552
0.42942391 1.06875000
0.43125000 1.06919940
0.43750000 1.07055328
0.44375000 1.07178963
0.45000000 1.07289294
0.45625000 1.07386416
0.46250000 1.07469925
0.46513585 1.07500000
0.46875000 1.07540948
0.47500000 1.07598579
0.48125000 1.07643520
0.48750000 1.07675603
0.49375000 1.07694845
0.50000000 1.07701256
0.50625000 1.07694842
0.51250000 1.07675598
0.51875000 1.07643513
0.52500000 1.07598569
0.53125000 1.07540936
0.53486300 1.07500000
0.53750000 1.07469911
0.54375000 1.07386400
0.55000000 1.07289275
0.55625000 1.07178942
0.56250000 1.07055304
0.56875000 1.06919914
0.57057499 1.06875000
0.57500000 1.06768524
0.58125000 1.06604973
0.58750000 1.06426414
0.59325792 1.06250000
0.59375000 1.06233843
0.60000000 1.06029436
0.60625000 1.05808734
0.61112889 1.05625000
0.61250000 1.05570345
0.61875000 1.05323825
0.62500000 1.05062634
0.62630420 1.05000000
0.63125000 1.04777309
0.63750000 1.04487909
0.63964689 1.04375000
0.64375000 1.04167100
0.65000000 1.03848985
0.65166528 1.03750000
0.65625000 1.03494324
0.66250000 1.03136432
0.66266696 1.03125000
0.66875000 1.02760130
0.67275927 1.02500000
0.67500000 1.02347018
0.68125000 1.01950219
0.68224861 1.01875000
0.68750000 1.01513888
0.69102381 1.01250000
0.69375000 1.01040421
0.69930074 1.00625000
0.70000000 1.00566800
0.70625000 1.00092472
0.70732303 1.00000000
0.71250000 0.99577955
0.71479700 0.99375000
0.71875000 0.99029294
0.72182028 0.98750000
0.72500000 0.98457501
0.72853825 0.98125000
0.73125000 0.97865435
0.73500435 0.97500000
0.73750000 0.97252721
0.74124229 0.96875000
0.74375000 0.96618178
0.74727232 0.96250000
0.75000000 0.95960888
0.75311470 0.95625000
0.75625000 0.95279445
0.75877484 0.95000000
0.76250000 0.94568512
0.76421208 0.94375000
0.76875000 0.93815333
0.76931857 0.93750000
0.77411532 0.93125000
0.77500000 0.93019780
0.77899035 0.92500000
0.78125000 0.92214055
0.78388036 0.91875000
0.78750000 0.91374058
0.78847212 0.91250000
0.79265905 0.90625000
0.79375000 0.90479506
0.79703977 0.90000000
0.80000000 0.89556979
0.80129522 0.89375000
0.80510591 0.88750000
0.80625000 0.88580881
0.80910499 0.88125000
0.81250000 0.87553533
0.81285861 0.87500000
0.81638518 0.86875000
0.81875000 0.86452738
0.81993955 0.86250000
0.82313823 0.85625000
0.82500000 0.85262933
0.82637393 0.85000000
0.82928208 0.84375000
0.83125000 0.83938905
0.83213748 0.83750000
0.83468057 0.83125000
0.83704275 0.82500000
0.83750000 0.82373379
0.83919809 0.81875000
0.84106517 0.81250000
0.84266908 0.80625000
0.84375000 0.80087241
0.84393046 0.80000000
0.84479369 0.79375000
0.84526994 0.78750000
0.84530222 0.78125000
0.84482311 0.77500000
0.84375541 0.76875000
0.84375000 0.76873142
0.84203555 0.76250000
0.83960610 0.75625000
0.83750000 0.75240166
0.83611245 0.75000000
0.83178644 0.74375000
0.83125000 0.74314478
0.82595257 0.73750000
0.82500000 0.73660030
0.81875000 0.73175265
0.81808202 0.73125000
0.81250000 0.72763042
0.80762235 0.72500000
0.80625000 0.72420952
0.80000000 0.72146717
0.79375000 0.71912773
0.79264160 0.71875000
0.78750000 0.71710065
0.78125000 0.71541009
0.77500000 0.71397499
0.76875000 0.71276469
0.76717119 0.71250000
0.76250000 0.71173571
0.75625000 0.71089173
0.75000000 0.71020009
0.74375000 0.70964252
0.73750000 0.70920297
0.73125000 0.70886813
0.72500000 0.70862679
0.71875000 0.70846912
0.71250000 0.70838620
0.70625000 0.70836972
0.70000000 0.70841194
0.69375000 0.70850579
0.68750000 0.70864482
0.68125000 0.70882314
0.67500000 0.70903532
0.66875000 0.70927635
0.66250000 0.70954154
0.65625000 0.70982657
0.65000000 0.71012737
0.64375000 0.71044020
0.63750000 0.71076156
0.63125000 0.71108821
0.62500000 0.71141711
0.61875000 0.71174549
0.61250000 0.71207085
0.60625000 0.71239003
0.60405512 0.71250000
0.60000000 0.71270238
0.59375000 0.71300414
0.58750000 0.71329484
0.58125000 0.71357247
0.57500000 0.71383546
0.56875000 0.71408236
0.56250000 0.71431190
0.55625000 0.71452291
0.55000000 0.71471437
0.54375000 0.71488537
0.53750000 0.71503513
0.53125000 0.71516299
0.52500000 0.71526837
0.51875000 0.71535083
0.51250000 0.71541002
0.50625000 0.71544567
0.50000000 0.71545766
0.49375000 0.71544591
0.48750000 0.71541050
0.48125000 0.71535156
0.47500000 0.71526935
0.46875000 0.71516421
0.46250000 0.71503662
0.45625000 0.71488713
0.45000000 0.71471642
0.44375000 0.71452526
0.43750000 0.71431458
0.43125000 0.71408539
0.42500000 0.71383886
0.41875000 0.71357629
0.41250000 0.71329910
0.40625000 0.71300887
0.40000000 0.71270760
0.39583211 0.71250000
0.39375000 0.71239584
0.38750000 0.71207727
0.38125000 0.71175255
0.37500000 0.71142484
0.36875000 0.71109664
0.36250000 0.71077074
0.35625000 0.71045013
0.35000000 0.71013808
0.34375000 0.70983806
0.33750000 0.70955383
0.33125000 0.70928943
0.32500000 0.70904922
0.31875000 0.70883788
0.31250000 0.70866042
0.30625000 0.70852230
0.30000000 0.70842943
0.29375000 0.70838828
0.28750000 0.70840597
0.28125000 0.70849023
0.27500000 0.70864942
0.26875000 0.70889249
0.26250000 0.70922929
0.25625000 0.70967108
0.25000000 0.71023119
0.24375000 0.71092567
0.23750000 0.71177242
0.23306980 0.71250000
0.23125000 0.71280527
0.22500000 0.71401841
0.21875000 0.71545663
0.21250000 0.71714979
0.20752175 0.71875000
0.20625000 0.71918240
0.20000000 0.72152282
0.19375000 0.72426980
0.19248781 0.72500000
0.18750000 0.72768845
0.18201249 0.73125000
0.18125000 0.73182162
0.17500000 0.73667042

