x y
0.22500000 0.55729169
0.22275134 0.56250000
0.22044158 0.56875000
0.21875000 0.57406130
0.21843541 0.57500000
0.21676735 0.58125000
0.21537220 0.58750000
0.21424773 0.59375000
0.21337297 0.60000000
0.21273579 0.60625000
0.21250000 0.60978802
0.21231965 0.61250000
0.21211915 0.61875000
0.21212429 0.62500000
0.21232518 0.63125000
0.21250000 0.63400138
0.21272276 0.63750000
0.21330959 0.64375000
0.21408017 0.65000000
0.21502923 0.65625000
0.21615352 0.66250000
0.21743492 0.66875000
0.21875000 0.67444845
0.21888415 0.67500000
0.22050605 0.68125000
0.22230724 0.68750000
0.22423018 0.69375000
0.22500000 0.69594498
0.22639207 0.70000000
0.22868067 0.70625000
0.23112415 0.71250000
0.23125000 0.71277063
0.23377376 0.71875000
0.23653200 0.72500000
0.23750000 0.72691955
0.23959153 0.73125000
0.24267724 0.73750000
0.24375000 0.73937655
0.24612537 0.74375000
0.24960460 0.75000000
0.25000000 0.75059027
0.25337593 0.75625000
0.25625000 0.76074260
0.25746366 0.76250000
0.26142781 0.76875000
0.26250000 0.77016788
0.26589146 0.77500000
0.26875000 0.77876684
0.27071053 0.78125000
0.27500000 0.78683580
0.27556750 0.78750000
0.28051182 0.79375000
0.28125000 0.79457545
0.28589034 0.80000000
0.28750000 0.80173632
0.29166658 0.80625000
0.29375000 0.80840882
0.29777128 0.81250000
0.30000000 0.81471177
0.30421195 0.81875000
0.30625000 0.82068676
0.31106090 0.82500000
0.31250000 0.82631252
0.31846451 0.83125000
0.31875000 0.83150148
0.32500000 0.83635751
0.32638237 0.83750000
0.33125000 0.84119600
0.33467088 0.84375000
0.33750000 0.84587627
0.34369910 0.85000000
0.34375000 0.85003836
0.35000000 0.85400812
0.35356116 0.85625000
0.35625000 0.85797311
0.36250000 0.86142526
0.36433314 0.86250000
0.36875000 0.86493255
0.37500000 0.86806791
0.37630020 0.86875000
0.38125000 0.87115431
0.38750000 0.87394483
0.38987642 0.87500000
0.39375000 0.87667032
0.40000000 0.87914487
0.40567657 0.88125000
0.40625000 0.88147918
0.41250000 0.88361895
0.41875000 0.88562069
0.42500000 0.88744673
0.42518570 0.88750000
0.43125000 0.88912521
0.43750000 0.89065632
0.44375000 0.89203558
0.45000000 0.89325389
0.45285366 0.89375000
0.45625000 0.89433652
0.46250000 0.89526216
0.46875000 0.89604826
0.47500000 0.89669022
0.48125000 0.89718871
0.48750000 0.89754429
0.49375000 0.89775744
0.50000000 0.89782845
0.50625000 0.89775743
0.51250000 0.89754429
0.51875000 0.89718870
0.52500000 0.89669020
0.53125000 0.89604823
0.53750000 0.89526213
0.54375000 0.89433647
0.54714603 0.89375000
0.55000000 0.89325383
0.55625000 0.89203551
0.56250000 0.89065624
0.56875000 0.88912511
0.57481391 0.88750000
0.57500000 0.88744662
0.58125000 0.88562058
0.58750000 0.88361884
0.59375000 0.88147906
0.59432312 0.88125000
0.60000000 0.87914476
0.60625000 0.87667022
0.61012334 0.87500000
0.61250000 0.87394473
0.61875000 0.87115422
0.62369963 0.86875000
0.62500000 0.86806783
0.63125000 0.86493249
0.63566675 0.86250000
0.63750000 0.86142520
0.64375000 0.85797306
0.64643877 0.85625000
0.65000000 0.85400809
0.65625000 0.85003832
0.65630084 0.85000000
0.66250000 0.84587624
0.66532907 0.84375000
0.66875000 0.84119597
0.67361759 0.83750000
0.67500000 0.83635747
0.68125000 0.83150144
0.68153544 0.83125000
0.68750000 0.82631247
0.68893905 0.82500000
0.69375000 0.82068671
0.69578800 0.81875000
0.70000000 0.81471171
0.70222866 0.81250000
0.70625000 0.80840874
0.70833334 0.80625000
0.71250000 0.80173622
0.71410957 0.80000000
0.71875000 0.79457532
0.71948806 0.79375000
0.72443238 0.78750000
0.72500000 0.78683565
0.72928936 0.78125000
0.73125000 0.77876670
0.73410844 0.77500000
0.73750000 0.77016772
0.73857208 0.76875000
0.74253622 0.76250000
0.74375000 0.76074243
0.74662397 0.75625000
0.75000000 0.75059009
0.75039528 0.75000000
0.75387452 0.74375000
0.75625000 0.73937634
0.75732265 0.73750000
0.76040836 0.73125000
0.76250000 0.72691933
0.76346789 0.72500000
0.76622614 0.71875000
0.76875000 0.71277040
0.76887575 0.71250000
0.77131924 0.70625000
0.77360786 0.70000000
0.77500000 0.69594477
0.77576975 0.69375000
0.77769270 0.68750000
0.77949388 0.68125000
0.78111579 0.67500000
0.78125000 0.67444816
0.78256501 0.66875000
0.78384640 0.66250000
0.78497066 0.65625000
0.78591970 0.65000000
0.78669026 0.64375000
0.78727706 0.63750000
0.78750000 0.63399821
0.78767461 0.63125000
0.78787546 0.62500000
0.78788055 0.61875000
0.78768001 0.61250000
0.78750000 0.60979356
0.78726382 0.60625000
0.78662657 0.60000000
0.78575174 0.59375000
0.78462719 0.58750000
0.78323194 0.58125000
0.78156374 0.57500000
0.78125000 0.57406396
0.77955749 0.56875000
0.77724760 0.56250000
0.77500000 0.55729451
0.77451005 0.55625000
0.77147205 0.55000000
0.76875000 0.54522452
0.76783105 0.54375000
0.76397936 0.53750000
0.76250000 0.53559231
0.75923126 0.53125000
0.75625000 0.52777489
0.75375171 0.52500000
0.75000000 0.52112790
0.74753511 0.51875000
0.74375000 0.51531142
0.74036247 0.51250000
0.73750000 0.51017023
0.73178042 0.50625000
0.73125000 0.50585253
0.72500000 0.50212303
0.72113841 0.50000000
0.71875000 0.49865467
0.71250000 0.49576861
0.70768269 0.49375000
0.70625000 0.49311828
0.70000000 0.49087117
0.69375000 0.48887004
0.68884112 0.48750000
0.68750000 0.48711233
0.68125000 0.48562288
0.67500000 0.48432100
0.66875000 0.48321046
0.66250000 0.48227284
0.65625000 0.48149488
0.65388996 0.48125000
0.65000000 0.48084994
0.64375000 0.48033070
0.63750000 0.47992199
0.63125000 0.47961313
0.62500000 0.47939144
0.61875000 0.47924564
0.61250000 0.47916537
0.60625000 0.47914109
0.60000000 0.47916395
0.59375000 0.47922568
0.58750000 0.47931854
0.58125000 0.47943533
0.57500000 0.47956936
0.56875000 0.47971455
0.56250000 0.47986531
0.55625000 0.48001660
0.55000000 0.48016388
0.54375000 0.48030313
0.53750000 0.48043082
0.53125000 0.48054390
0.52500000 0.48063980
0.51875000 0.48071644
0.51250000 0.48077221
0.50625000 0.48080599
0.50000000 0.48081711
0.49375000 0.48080538
0.48750000 0.48077105
0.48125000 0.48071482
0.47500000 0.48063785
0.46875000 0.48054175
0.46250000 0.48042858
0.45625000 0.48030091
0.45000000 0.48016174
0.44375000 0.48001461
0.43750000 0.47986352
0.43125000 0.47971298
0.42500000 0.47956801
0.41875000 0.47943416
0.41250000 0.47931751
0.40625000 0.47922470
0.40000000 0.47916294
0.39375000 0.47913995
0.38750000 0.47916404
0.38125000 0.47924407
0.37500000 0.47938960
0.36875000 0.47961100
0.36250000 0.47991958
0.35625000 0.48032803
0.35000000 0.48084707
0.34608058 0.48125000
0.34375000 0.48149179
0.33750000 0.48226956
0.33125000 0.48320707
0.32500000 0.48431751
0.31875000 0.48561935
0.31250000 0.48710873
0.31114610 0.48750000
0.30625000 0.48886654
0.30000000 0.49086762
0.29375000 0.49311471
0.29230896 0.49375000
0.28750000 0.49576532
0.28125000 0.49865145
0.27885566 0.50000000
0.27500000 0.50212014
0.26875000 0.50584940
0.26821541 0.50625000
0.26250000 0.51016794
0.25963476 0.51250000
0.25625000 0.51530947
0.25246283 0.51875000
0.25000000 0.52112601
0.24624658 0.52500000
0.24375000 0.52777298
0.24076721 0.53125000
0.23750000 0.53559009
0.23601897 0.53750000
0.23216735 0.54375000
0.23125000 0.54522186
0.22852661 0.55000000
0.22548864 0.55625000
0.22500000 0.55729169

