x y
0.16250000 0.99826758
0.16170513 1.00000000
0.15966976 1.00625000
0.15819737 1.01250000
0.15725924 1.01875000
0.15682081 1.02500000
0.15685728 1.03125000
0.15734287 1.03750000
0.15824979 1.04375000
0.15954964 1.05000000
0.16118481 1.05625000
0.16250000 1.06035819
0.16320902 1.06250000
0.16552090 1.06875000
0.16810941 1.07500000
0.16875000 1.07627158
0.17109954 1.08125000
0.17424717 1.08750000
0.17500000 1.08873866
0.17780789 1.09375000
0.18125000 1.09949616
0.18159558 1.10000000
0.18545745 1.10625000
0.18750000 1.10913163
0.18987074 1.11250000
0.19375000 1.11798153
0.19436119 1.11875000
0.19883558 1.12500000
0.20000000 1.12640300
0.20379224 1.13125000
0.20625000 1.13414967
0.20909937 1.13750000
0.21250000 1.14141789
0.21459531 1.14375000
0.21875000 1.14839655
0.22024897 1.15000000
0.22500000 1.15512032
0.22609102 1.15625000
0.23125000 1.16157618
0.23216866 1.16250000
0.23750000 1.16776028
0.23851269 1.16875000
0.24375000 1.17369975
0.24512099 1.17500000
0.25000000 1.17944444
0.25196886 1.18125000
0.25625000 1.18503696
0.25904885 1.18750000
0.26250000 1.19048079
0.26643283 1.19375000
0.26875000 1.19571206
0.27431401 1.20000000
0.27500000 1.20057281
0.28125000 1.20511637
0.28267346 1.20625000
0.28750000 1.20978168
0.29127016 1.21250000
0.29375000 1.21433758
0.30000000 1.21841147
0.30045941 1.21875000
0.30625000 1.22248845
0.31016983 1.22500000
0.31250000 1.22655065
0.31875000 1.23013875
0.32052453 1.23125000
0.32500000 1.23386706
0.33125000 1.23728127
0.33161183 1.23750000
0.33750000 1.24063176
0.34362919 1.24375000
0.34375000 1.24381978
0.35000000 1.24685362
0.35625000 1.24972957
0.35680363 1.25000000
0.36250000 1.25252310
0.36875000 1.25512046
0.37149208 1.25625000
0.37500000 1.25767382
0.38125000 1.26002519
0.38750000 1.26224063
0.38821803 1.26250000
0.39375000 1.26436450
0.40000000 1.26635423
0.40625000 1.26818848
0.40821846 1.26875000
0.41250000 1.26993736
0.41875000 1.27154365
0.42500000 1.27303310
0.43125000 1.27438686
0.43431162 1.27500000
0.43750000 1.27563638
0.44375000 1.27675066
0.45000000 1.27775314
0.45625000 1.27863651
0.46250000 1.27940097
0.46875000 1.28004686
0.47500000 1.28057452
0.48125000 1.28098418
0.48693515 1.28125000
0.48750000 1.28127660
0.49375000 1.28145146
0.50000000 1.28150968
0.50625000 1.28145108
0.51250000 1.28127584
0.51304798 1.28125000
0.51875000 1.28098305
0.52500000 1.28057301
0.53125000 1.28004496
0.53750000 1.27939868
0.54375000 1.27863382
0.55000000 1.27775006
0.55625000 1.27674717
0.56250000 1.27563257
0.56566773 1.27500000
0.56875000 1.27438262
0.57500000 1.27302836
0.58125000 1.27153847
0.58750000 1.26993190
0.59176017 1.26875000
0.59375000 1.26818244
0.60000000 1.26634769
0.60625000 1.26435753
0.61175992 1.26250000
0.61250000 1.26223276
0.61875000 1.26001715
0.62500000 1.25766556
0.62848576 1.25625000
0.63125000 1.25511157
0.63750000 1.25251353
0.64317341 1.25000000
0.64375000 1.24971853
0.65000000 1.24684281
0.65625000 1.24380682
0.65634827 1.24375000
0.66250000 1.24061979
0.66836422 1.23750000
0.66875000 1.23726699
0.67500000 1.23385427
0.67945131 1.23125000
0.68125000 1.23012437
0.68750000 1.22653604
0.68980620 1.22500000
0.69375000 1.22247391
0.69951485 1.21875000
0.70000000 1.21839267
0.70625000 1.21432059
0.70870541 1.21250000
0.71250000 1.20976559
0.71730119 1.20625000
0.71875000 1.20509658
0.72500000 1.20055012
0.72565850 1.20000000
0.73125000 1.19569206
0.73354265 1.19375000
0.73750000 1.19046180
0.74092769 1.18750000
0.74375000 1.18501689
0.74800644 1.18125000
0.75000000 1.17942201
0.75485224 1.17500000
0.75625000 1.17367442
0.76145879 1.16875000
0.76250000 1.16773239
0.76780228 1.16250000
0.76875000 1.16154691
0.77388095 1.15625000
0.77500000 1.15509116
0.77972519 1.15000000
0.78125000 1.14836861
0.78538132 1.14375000
0.78750000 1.14139118
0.79087897 1.13750000
0.79375000 1.13412244
0.79618576 1.13125000
0.80000000 1.12637197
0.80113917 1.12500000
0.80561306 1.11875000
0.80625000 1.11794880
0.81010919 1.11250000
0.81250000 1.10910092
0.81452270 1.10625000
0.81838276 1.10000000
0.81875000 1.09946420
0.82217540 1.09375000
0.82500000 1.08870970
0.82573636 1.08750000
0.82888686 1.08125000
0.83125000 1.07624537
0.83187841 1.07500000
0.83446945 1.06875000
0.83678375 1.06250000
0.83750000 1.06033860
0.83881091 1.05625000
0.84044861 1.05000000
0.84175134 1.04375000
0.84266129 1.03750000
0.84315001 1.03125000
0.84318963 1.02500000
0.84275438 1.01875000
0.84181947 1.01250000
0.84035052 1.00625000
0.83831895 1.00000000
0.83750000 0.99820994
0.83552817 0.99375000
0.83218828 0.98750000
0.83125000 0.98619760
0.82787248 0.98125000
0.82500000 0.97780879
0.82250843 0.97500000
0.81875000 0.97116804
0.81616652 0.96875000
0.81250000 0.96553304
0.80859643 0.96250000
0.80625000 0.96066216
0.80000000 0.95668657
0.79934972 0.95625000
0.79375000 0.95295727
0.78813601 0.95000000
0.78750000 0.94962859
0.78125000 0.94669453
0.77500000 0.94402099
0.77436948 0.94375000
0.76875000 0.94153598
0.76250000 0.93928576
0.75712406 0.93750000
0.75625000 0.93719231
0.75000000 0.93529905
0.74375000 0.93353445
0.73750000 0.93191095
0.73483256 0.93125000
0.73125000 0.93037234
0.72500000 0.92897056
0.71875000 0.92766092
0.71250000 0.92644179
0.70625000 0.92531014
0.70446444 0.92500000
0.70000000 0.92423990
0.69375000 0.92325254
0.68750000 0.92233077
0.68125000 0.92147076
0.67500000 0.92066768
0.66875000 0.91991728
0.66250000 0.91921644
0.65805304 0.91875000
0.65625000 0.91855894
0.65000000 0.91795172
0.64375000 0.91738455
0.63750000 0.91685659
0.63125000 0.91636535
0.62500000 0.91590867
0.61875000 0.91548463
0.61250000 0.91509152
0.60625000 0.91472779
0.60000000 0.91439204
0.59375000 0.91408293
0.58750000 0.91379925
0.58125000 0.91353986
0.57500000 0.91330374
0.56875000 0.91308991
0.56250000 0.91289753
0.55625000 0.91272579
0.55000000 0.91257409
0.54650738 0.91250000
0.54375000 0.91244149
0.53750000 0.91232790
0.53125000 0.91223253
0.52500000 0.91215506
0.51875000 0.91209517
0.51250000 0.91205262
0.50625000 0.91202724
0.50000000 0.91201891
0.49375000 0.91202761
0.48750000 0.91205338
0.48125000 0.91209631
0.47500000 0.91215657
0.46875000 0.91223443
0.46250000 0.91233019
0.45625000 0.91244418
0.45362780 0.91250000
0.45000000 0.91257718
0.44375000 0.91272931
0.43750000 0.91290146
0.43125000 0.91309428
0.42500000 0.91330854
0.41875000 0.91354512
0.41250000 0.91380497
0.40625000 0.91408913
0.40000000 0.91439872
0.39375000 0.91473498
0.38750000 0.91509922
0.38125000 0.91549286
0.37500000 0.91591744
0.36875000 0.91637468
0.36250000 0.91686649
0.35625000 0.91739505
0.35000000 0.91796284
0.34375000 0.91857071
0.34206099 0.91875000
0.33750000 0.91922876
0.33125000 0.91993034
0.32500000 0.92068140
0.31875000 0.92148516
0.31250000 0.92234589
0.30625000 0.92326841
0.30000000 0.92425635
0.29563683 0.92500000
0.29375000 0.92532762
0.28750000 0.92646002
0.28125000 0.92767996
0.27500000 0.92899048
0.26875000 0.93039280
0.26525548 0.93125000
0.26250000 0.93193247
0.25625000 0.93355722
0.25000000 0.93532285
0.24375000 0.93721822
0.24295155 0.93750000
0.23750000 0.93931154
0.23125000 0.94156306
0.22570290 0.94375000
0.22500000 0.94405156
0.21875000 0.94672448
0.21250000 0.94966282
0.21192421 0.95000000
0.20625000 0.95298936
0.20070895 0.95625000
0.20000000 0.95672496
0.19375000 0.96069796
0.19145140 0.96250000
0.18750000 0.96556724
0.18387412 0.96875000
0.18125000 0.97120517
0.17752710 0.97500000
0.17500000 0.97784988
0.17215939 0.98125000
0.16875000 0.98624536
0.16784493 0.98750000
0.16449874 0.99375000
0.16250000 0.99826758

