x y
0.27500000 0.39115542
0.27368551 0.39375000
0.27091388 0.40000000
0.26875000 0.40512439
0.26824244 0.40625000
0.26584437 0.41250000
0.26362425 0.41875000
0.26250000 0.42209939
0.26152413 0.42500000
0.25966836 0.43125000
0.25796734 0.43750000
0.25644712 0.44375000
0.25625000 0.44461674
0.25507798 0.45000000
0.25388528 0.45625000
0.25285555 0.46250000
0.25198758 0.46875000
0.25127968 0.47500000
0.25073048 0.48125000
0.25033895 0.48750000
0.25010430 0.49375000
0.25002611 0.50000000
0.25010430 0.50625000
0.25033895 0.51250000
0.25073048 0.51875000
0.25127968 0.52500000
0.25198758 0.53125000
0.25285555 0.53750000
0.25388528 0.54375000
0.25507798 0.55000000
0.25625000 0.55538326
0.25644712 0.55625000
0.25796734 0.56250000
0.25966836 0.56875000
0.26152413 0.57500000
0.26250000 0.57790061
0.26362425 0.58125000
0.26584437 0.58750000
0.26824244 0.59375000
0.26875000 0.59487561
0.27091388 0.60000000
0.27368551 0.60625000
0.27500000 0.60884458
0.27682095 0.61250000
0.27996942 0.61875000
0.28125000 0.62091229
0.28357637 0.62500000
0.28722999 0.63125000
0.28750000 0.63163165
0.29118762 0.63750000
0.29375000 0.64116318
0.29562549 0.64375000
0.30000000 0.64992325
0.30006248 0.65000000
0.30473537 0.65625000
0.30625000 0.65802177
0.30996804 0.66250000
0.31250000 0.66533220
0.31559897 0.66875000
0.31875000 0.67209270
0.32156919 0.67500000
0.32500000 0.67843081
0.32790730 0.68125000
0.33125000 0.68440103
0.33466780 0.68750000
0.33750000 0.69003196
0.34197823 0.69375000
0.34375000 0.69526463
0.35000000 0.69993752
0.35007675 0.70000000
0.35625000 0.70437451
0.35883682 0.70625000
0.36250000 0.70881238
0.36836835 0.71250000
0.36875000 0.71277001
0.37500000 0.71642363
0.37908771 0.71875000
0.38125000 0.72003058
0.38750000 0.72317905
0.39115542 0.72500000
0.39375000 0.72631449
0.40000000 0.72908612
0.40512439 0.73125000
0.40625000 0.73175756
0.41250000 0.73415563
0.41875000 0.73637575
0.42209939 0.73750000
0.42500000 0.73847587
0.43125000 0.74033164
0.43750000 0.74203266
0.44375000 0.74355288
0.44461674 0.74375000
0.45000000 0.74492202
0.45625000 0.74611472
0.46250000 0.74714445
0.46875000 0.74801242
0.47500000 0.74872032
0.48125000 0.74926952
0.48750000 0.74966105
0.49375000 0.74989570
0.50000000 0.74997389
0.50625000 0.74989570
0.51250000 0.74966105
0.51875000 0.74926952
0.52500000 0.74872032
0.53125000 0.74801242
0.53750000 0.74714445
0.54375000 0.74611472
0.55000000 0.74492202
0.55538326 0.74375000
0.55625000 0.74355288
0.56250000 0.74203266
0.56875000 0.74033164
0.57500000 0.73847587
0.57790061 0.73750000
0.58125000 0.73637575
0.58750000 0.73415563
0.59375000 0.73175756
0.59487561 0.73125000
0.60000000 0.72908612
0.60625000 0.72631449
0.60884458 0.72500000
0.61250000 0.72317905
0.61875000 0.72003058
0.62091229 0.71875000
0.62500000 0.71642363
0.63125000 0.71277001
0.63163165 0.71250000
0.63750000 0.70881238
0.64116318 0.70625000
0.64375000 0.70437451
0.64992325 0.70000000
0.65000000 0.69993752
0.65625000 0.69526463
0.65802177 0.69375000
0.66250000 0.69003196
0.66533220 0.68750000
0.66875000 0.68440103
0.67209270 0.68125000
0.67500000 0.67843081
0.67843081 0.67500000
0.68125000 0.67209270
0.68440103 0.66875000
0.68750000 0.66533220
0.69003196 0.66250000
0.69375000 0.65802177
0.69526463 0.65625000
0.69993752 0.65000000
0.70000000 0.64992325
0.70437451 0.64375000
0.70625000 0.64116318
0.70881238 0.63750000
0.71250000 0.63163165
0.71277001 0.63125000
0.71642363 0.62500000
0.71875000 0.62091229
0.72003058 0.61875000
0.72317905 0.61250000
0.72500000 0.60884458
0.72631449 0.60625000
0.72908612 0.60000000
0.73125000 0.59487561
0.73175756 0.59375000
0.73415563 0.58750000
0.73637575 0.58125000
0.73750000 0.57790061
0.73847587 0.57500000
0.74033164 0.56875000
0.74203266 0.56250000
0.74355288 0.55625000
0.74375000 0.55538326
0.74492202 0.55000000
0.74611472 0.54375000
0.74714445 0.53750000
0.74801242 0.53125000
0.74872032 0.52500000
0.74926952 0.51875000
0.74966105 0.51250000
0.74989570 0.50625000
0.74997389 0.50000000
0.74989570 0.49375000
0.74966105 0.48750000
0.74926952 0.48125000
0.74872032 0.47500000
0.74801242 0.46875000
0.74714445 0.46250000
0.74611472 0.45625000
0.74492202 0.45000000
0.74375000 0.44461674
0.74355288 0.44375000
0.74203266 0.43750000
0.74033164 0.43125000
0.73847587 0.42500000
0.73750000 0.42209939
0.73637575 0.41875000
0.73415563 0.41250000
0.73175756 0.40625000
0.73125000 0.40512439
0.72908612 0.40000000
0.72631449 0.39375000
0.72500000 0.39115542
0.72317905 0.38750000
0.72003058 0.38125000
0.71875000 0.37908771
0.71642363 0.37500000
0.71277001 0.36875000
0.71250000 0.36836835
0.70881238 0.36250000
0.70625000 0.35883682
0.70437451 0.35625000
0.70000000 0.35007675
0.69993752 0.35000000
0.69526463 0.34375000
0.69375000 0.34197823
0.69003196 0.33750000
0.68750000 0.33466780
0.68440103 0.33125000
0.68125000 0.32790730
0.67843081 0.32500000
0.67500000 0.32156919
0.67209270 0.31875000
0.66875000 0.31559897
0.66533220 0.31250000
0.66250000 0.30996804
0.65802177 0.30625000
0.65625000 0.30473537
0.65000000 0.30006248
0.64992325 0.30000000
0.64375000 0.29562549
0.64116318 0.29375000
0.63750000 0.29118762
0.63163165 0.28750000
0.63125000 0.28722999
0.62500000 0.28357637
0.62091229 0.28125000
0.61875000 0.27996942
0.61250000 0.27682095
0.60884458 0.27500000
0.60625000 0.27368551
0.60000000 0.27091388
0.59487561 0.26875000
0.59375000 0.26824244
0.58750000 0.26584437
0.58125000 0.26362425
0.57790061 0.26250000
0.57500000 0.26152413
0.56875000 0.25966836
0.56250000 0.25796734
0.55625000 0.25644712
0.55538326 0.25625000
0.55000000 0.25507798
0.54375000 0.25388528
0.53750000 0.25285555
0.53125000 0.25198758
0.52500000 0.25127968
0.51875000 0.25073048
0.51250000 0.25033895
0.50625000 0.25010430
0.50000000 0.25002611
0.49375000 0.25010430
0.48750000 0.25033895
0.48125000 0.25073048
0.47500000 0.25127968
0.46875000 0.25198758
0.46250000 0.25285555
0.45625000 0.25388528
0.45000000 0.25507798
0.44461674 0.25625000
0.44375000 0.25644712
0.43750000 0.25796734
0.43125000 0.25966836
0.42500000 0.26152413
0.42209939 0.26250000
0.41875000 0.26362425
0.41250000 0.26584437
0.40625000 0.26824244
0.40512439 0.26875000
0.40000000 0.27091388
0.39375000 0.27368551
0.39115542 0.27500000
0.38750000 0.27682095
0.38125000 0.27996942
0.37908771 0.28125000
0.37500000 0.28357637
0.36875000 0.28722999
0.36836835 0.28750000
0.36250000 0.29118762
0.35883682 0.29375000
0.35625000 0.29562549
0.35007675 0.30000000
0.35000000 0.30006248
0.34375000 0.30473537
0.34197823 0.30625000
0.33750000 0.30996804
0.33466780 0.31250000
0.33125000 0.31559897
0.32790730 0.31875000
0.32500000 0.32156919
0.32156919 0.32500000
0.31875000 0.32790730
0.31559897 0.33125000
0.31250000 0.33466780
0.30996804 0.33750000
0.30625000 0.34197823
0.30473537 0.34375000
0.30006248 0.35000000
0.30000000 0.35007675
0.29562549 0.35625000
0.29375000 0.35883682
0.29118762 0.36250000
0.28750000 0.36836835
0.28722999 0.36875000
0.28357637 0.37500000
0.28125000 0.37908771
0.27996942 0.38125000
0.27682095 0.38750000
0.27500000 0.39115542

