x y
0.66006232 0.50000000
0.65942257 0.51555222
0.65744652 0.53131523
0.65406633 0.54712137
0.64918805 0.56292689
0.64304615 0.57788064
0.63727036 0.58901972
0.63162066 0.59874839
0.62322933 0.61064289
0.61787848 0.61708180
0.61243012 0.62341105
0.60624889 0.62940929
0.60022675 0.63508576
0.59392792 0.64014512
0.58777313 0.64481432
0.58106985 0.64913090
0.57400558 0.65352933
0.56611956 0.65746513
0.55775180 0.66143216
0.54880206 0.66468563
0.53945930 0.66772706
0.52974490 0.66987459
0.51991078 0.67169304
0.50994337 0.67258289
0.49997997 0.67305276
0.49001493 0.67258739
0.48004519 0.67170222
0.47020600 0.66988751
0.46048691 0.66774283
0.45113548 0.66470318
0.44217657 0.66144891
0.43379524 0.65747807
0.42589706 0.65353430
0.41882460 0.64912996
0.41211762 0.64481034
0.40596041 0.64014001
0.39966541 0.63507894
0.39364646 0.62940662
0.38747104 0.62341162
0.38202201 0.61707993
0.37666283 0.61062871
0.36826223 0.59871235
0.36261849 0.58898158
0.35684544 0.57783946
0.35071366 0.56289119
0.34584355 0.54709549
0.34246939 0.53129785
0.34049672 0.51554309
0.33985830 0.50000000
0.34049672 0.48445691
0.34246939 0.46870215
0.34584355 0.45290451
0.35071366 0.43710881
0.35684544 0.42216054
0.36261849 0.41101842
0.36826223 0.40128765
0.37666283 0.38937129
0.38202201 0.38292007
0.38747104 0.37658838
0.39364646 0.37059338
0.39966541 0.36492106
0.40596041 0.35985999
0.41211762 0.35518966
0.41882460 0.35087004
0.42589706 0.34646570
0.43379524 0.34252193
0.44217657 0.33855109
0.45113548 0.33529682
0.46048691 0.33225717
0.47020600 0.33011249
0.48004519 0.32829778
0.49001493 0.32741261
0.49997997 0.32694724
0.50994337 0.32741711
0.51991078 0.32830696
0.52974490 0.33012541
0.53945930 0.33227294
0.54880206 0.33531437
0.55775180 0.33856784
0.56611956 0.34253487
0.57400558 0.34647067
0.58106985 0.35086910
0.58777313 0.35518568
0.59392792 0.35985488
0.60022675 0.36491424
0.60624889 0.37059071
0.61243012 0.37658895
0.61787848 0.38291820
0.62322933 0.38935711
0.63162066 0.40125161
0.63727036 0.41098028
0.64304615 0.42211936
0.64918805 0.43707311
0.65406633 0.45287863
0.65744652 0.46868477
0.65942257 0.48444778
0.66006232 0.50000000
