x y
0.67500000 0.50000000
0.67415733 0.51555826
0.67163742 0.53096669
0.66746456 0.54607689
0.66167892 0.56074334
0.65433622 0.57482480
0.64550718 0.58818566
0.63527683 0.60069725
0.62374369 0.61223906
0.61738126 0.61746950
0.61101882 0.62269995
0.60412181 0.62733956
0.59722479 0.63197917
0.58985961 0.63598327
0.58249443 0.63998736
0.57473201 0.64331738
0.56696960 0.64664740
0.55888471 0.64927127
0.55079982 0.65189514
0.54247031 0.65378759
0.53414081 0.65568005
0.52564690 0.65682286
0.51715300 0.65796567
0.50857650 0.65834784
0.50000000 0.65873000
0.49142350 0.65834784
0.48284700 0.65796567
0.47435310 0.65682286
0.46585919 0.65568005
0.45752969 0.65378759
0.44920018 0.65189514
0.44111529 0.64927127
0.43303040 0.64664740
0.42526799 0.64331738
0.41750557 0.63998736
0.41014039 0.63598327
0.40277521 0.63197917
0.39587819 0.62733956
0.38898118 0.62269995
0.38261874 0.61746950
0.37625631 0.61223906
0.36472317 0.60069725
0.35449282 0.58818566
0.34566378 0.57482480
0.33832108 0.56074334
0.33253544 0.54607689
0.32836258 0.53096669
0.32584267 0.51555826
0.32500000 0.50000000
0.32584267 0.48444174
0.32836258 0.46903331
0.33253544 0.45392311
0.33832108 0.43925666
0.34566378 0.42517520
0.35449282 0.41181434
0.36472317 0.39930275
0.37625631 0.38776094
0.38261874 0.38253050
0.38898118 0.37730005
0.39587819 0.37266044
0.40277521 0.36802083
0.41014039 0.36401673
0.41750557 0.36001264
0.42526799 0.35668262
0.43303040 0.35335260
0.44111529 0.35072873
0.44920018 0.34810486
0.45752969 0.34621241
0.46585919 0.34431995
0.47435310 0.34317714
0.48284700 0.34203433
0.49142350 0.34165216
0.50000000 0.34127000
0.50857650 0.34165216
0.51715300 0.34203433
0.52564690 0.34317714
0.53414081 0.34431995
0.54247031 0.34621241
0.55079982 0.34810486
0.55888471 0.35072873
0.56696960 0.35335260
0.57473201 0.35668262
0.58249443 0.36001264
0.58985961 0.36401673
0.59722479 0.36802083
0.60412181 0.37266044
0.61101882 0.37730005
0.61738126 0.38253050
0.62374369 0.38776094
0.63527683 0.39930275
0.64550718 0.41181434
0.65433622 0.42517520
0.66167892 0.43925666
0.66746456 0.45392311
0.67163742 0.46903331
0.67415733 0.48444174
0.67500000 0.50000000
