x y
0.66800385 0.50000000
0.66729582 0.51520553
0.66510096 0.53079121
0.66130556 0.54643066
0.65604290 0.56150849
0.64930479 0.57599762
0.64206255 0.58840161
0.63438202 0.59943816
0.62445543 0.61121103
0.61851764 0.61707941
0.61247376 0.62289700
0.60573594 0.62830541
0.59902781 0.63357503
0.59179997 0.63820338
0.58475618 0.64265268
0.57731142 0.64645182
0.56979866 0.65019987
0.56170692 0.65331786
0.55338790 0.65647906
0.54455315 0.65887898
0.53572721 0.66117078
0.52677815 0.66264105
0.51788532 0.66395723
0.50894599 0.66448076
0.49999103 0.66488028
0.49103584 0.66447998
0.48209618 0.66395564
0.47320242 0.66263857
0.46425230 0.66116743
0.45542475 0.65887465
0.44658850 0.65647366
0.43826771 0.65331148
0.43017431 0.65019260
0.42265980 0.64644354
0.41521346 0.64264359
0.40816749 0.63819372
0.40093846 0.63356458
0.39422927 0.62829478
0.38749055 0.62288669
0.38144459 0.61706834
0.37550382 0.61119740
0.36557211 0.59942067
0.35789004 0.58838324
0.35064720 0.57597980
0.34391007 0.56149388
0.33864654 0.54641684
0.33485079 0.53077789
0.33265655 0.51519768
0.33194887 0.50000000
0.33265655 0.48480232
0.33485079 0.46922211
0.33864654 0.45358316
0.34391007 0.43850612
0.35064720 0.42402020
0.35789004 0.41161676
0.36557211 0.40057933
0.37550382 0.38880260
0.38144459 0.38293166
0.38749055 0.37711331
0.39422927 0.37170522
0.40093846 0.36643542
0.40816749 0.36180628
0.41521346 0.35735641
0.42265980 0.35355646
0.43017431 0.34980740
0.43826771 0.34668852
0.44658850 0.34352634
0.45542475 0.34112535
0.46425230 0.33883257
0.47320242 0.33736143
0.48209618 0.33604436
0.49103584 0.33552002
0.49999103 0.33511972
0.50894599 0.33551924
0.51788532 0.33604277
0.52677815 0.33735895
0.53572721 0.33882922
0.54455315 0.34112102
0.55338790 0.34352094
0.56170692 0.34668214
0.56979866 0.34980013
0.57731142 0.35354818
0.58475618 0.35734732
0.59179997 0.36179662
0.59902781 0.36642497
0.60573594 0.37169459
0.61247376 0.37710300
0.61851764 0.38292059
0.62445543 0.38878897
0.63438202 0.40056184
0.64206255 0.41159839
0.64930479 0.42400238
0.65604290 0.43849151
0.66130556 0.45356934
0.66510096 0.46920879
0.66729582 0.48479447
0.66800385 0.50000000
