x y
0.66710541 0.50000034
0.66625692 0.51676051
0.66366473 0.53367135
0.65910491 0.55096640
0.65234509 0.56841948
0.64444766 0.58353131
0.63808238 0.59335908
0.63203535 0.60163326
0.62323463 0.61208409
0.61145701 0.62356158
0.60505058 0.62875095
0.59917493 0.63327123
0.59374656 0.63711096
0.58863698 0.64033141
0.58296876 0.64366334
0.57652540 0.64719852
0.56913539 0.65066596
0.56092638 0.65415029
0.55219521 0.65716727
0.54238095 0.66009565
0.53207813 0.66236743
0.52140613 0.66412261
0.51070821 0.66502501
0.49998027 0.66552303
0.48925733 0.66502690
0.47856927 0.66412636
0.46789498 0.66237405
0.45758663 0.66010342
0.44777163 0.65717577
0.43903625 0.65416203
0.43081212 0.65067198
0.42339721 0.64719690
0.41694327 0.64365069
0.41126587 0.64031526
0.40615103 0.63709264
0.40072931 0.63325535
0.39487598 0.62875140
0.38850684 0.62356658
0.38252665 0.61778010
0.37669338 0.61205995
0.36783044 0.60156442
0.36180358 0.59329642
0.35546850 0.58350719
0.34757974 0.56840988
0.34082119 0.55095335
0.33626576 0.53367431
0.33367282 0.51677124
0.33282233 0.49999981
0.33367281 0.48322835
0.33626573 0.46632517
0.34082127 0.44904591
0.34758071 0.43158919
0.35547110 0.41649060
0.36181026 0.40670303
0.36784052 0.39843810
0.37668909 0.38792951
0.38850033 0.37642412
0.39487810 0.37125268
0.40073380 0.36675242
0.40615279 0.36291365
0.41126561 0.35968848
0.41694240 0.35635147
0.42339683 0.35280455
0.43081195 0.34932877
0.43903603 0.34583810
0.44777141 0.34282412
0.45758648 0.33989642
0.46789490 0.33762584
0.47856923 0.33587359
0.48925730 0.33497311
0.49998024 0.33447705
0.51070815 0.33497515
0.52140602 0.33587761
0.53207794 0.33763280
0.54238068 0.33990446
0.55219488 0.34283255
0.56092616 0.34584889
0.56913535 0.34933160
0.57652503 0.35279719
0.58296707 0.35633228
0.58863466 0.35966389
0.59374574 0.36288260
0.59917800 0.36672028
0.60505183 0.37124398
0.61144855 0.37645017
0.61742584 0.38223900
0.62323127 0.38793051
0.63204835 0.39836628
0.63808999 0.40664527
0.64445275 0.41647250
0.65234773 0.43158170
0.65910533 0.44903484
0.66366474 0.46632955
0.66625687 0.48324022
0.66710541 0.50000034
