init_par:
  step: 10
  t: 0.010000
  frame: 2
  ts: 0.010000
  tp: 0.020000
