init_par:
  step: 500
  t: 0.500000
  frame: 51
  ts: 0.500000
  tp: 0.510000
