init_par:
  step: 180
  t: 0.180000
  frame: 19
  ts: 0.180000
  tp: 0.190000
