init_par:
  step: 1000
  t: 1.000000
  frame: 101
  ts: 1.000000
  tp: 1.010000
